0.0	3.731135E-2	-1.423132E-3
1e-08	3.731135E-2	-1.423132E-3
2e-08	3.731135E-2	2.849902E-3
3e-08	3.731135E-2	-1.423132E-3
4e-08	3.731135E-2	2.849902E-3
5e-08	3.731135E-2	2.849902E-3
6e-08	3.731135E-2	2.849902E-3
7e-08	3.731135E-2	-1.423132E-3
8e-08	3.731135E-2	-1.423132E-3
9e-08	3.731135E-2	-1.423132E-3
1e-07	3.731135E-2	-1.423132E-3
1.1e-07	8.002845E-2	-5.696167E-3
1.2e-07	3.731135E-2	-1.423132E-3
1.3e-07	3.731135E-2	-1.423132E-3
1.4e-07	8.002845E-2	-1.423132E-3
1.5e-07	3.731135E-2	-1.423132E-3
1.6e-07	3.731135E-2	2.849902E-3
1.7e-07	3.731135E-2	2.849902E-3
1.8e-07	3.731135E-2	2.849902E-3
1.9e-07	3.731135E-2	2.849902E-3
2e-07	3.731135E-2	2.849902E-3
2.1e-07	3.731135E-2	2.849902E-3
2.2e-07	3.731135E-2	-1.423132E-3
2.3e-07	3.731135E-2	-1.423132E-3
2.4e-07	3.731135E-2	2.849902E-3
2.5e-07	3.731135E-2	-1.423132E-3
2.6e-07	3.731135E-2	-1.423132E-3
2.7e-07	3.731135E-2	-1.423132E-3
2.8e-07	3.731135E-2	-1.423132E-3
2.9e-07	3.731135E-2	-1.423132E-3
3e-07	-4.812285E-2	-1.423132E-3
3.1e-07	-1.762741E-1	-9.969201E-3
3.2e-07	-5.607280E-1	-3.133437E-2
3.3e-07	-9.878990E-1	-6.979169E-2
3.4e-07	-1.628656E+0	-1.167951E-1
3.5e-07	-2.312129E+0	-1.723445E-1
3.6e-07	-2.824734E+0	-2.108018E-1
3.7e-07	-3.294622E+0	-2.278940E-1
3.8e-07	-3.636359E+0	-2.407131E-1
3.9e-07	-3.935379E+0	-2.663513E-1
4e-07	-4.191681E+0	-2.834434E-1
4.1e-07	-4.319833E+0	-2.877165E-1
4.2e-07	-4.490701E+0	-2.877165E-1
4.3e-07	-4.576135E+0	-2.877165E-1
4.4e-07	-4.661570E+0	-2.919895E-1
4.5e-07	-4.704287E+0	-2.962625E-1
4.6e-07	-4.747004E+0	-2.962625E-1
4.7e-07	-4.789721E+0	-2.877165E-1
4.8e-07	-4.832438E+0	-2.877165E-1
4.9e-07	-4.832438E+0	-2.877165E-1
5e-07	-4.832438E+0	-2.919895E-1
5.1e-07	-4.832438E+0	-2.877165E-1
5.2e-07	-4.875155E+0	-2.791704E-1
5.3e-07	-4.832438E+0	-2.748973E-1
5.4e-07	-4.875155E+0	-2.748973E-1
5.5e-07	-4.875155E+0	-2.706243E-1
5.6e-07	-4.875155E+0	-2.578052E-1
5.7e-07	-4.875155E+0	-2.535322E-1
5.8e-07	-4.875155E+0	-2.492591E-1
5.9e-07	-4.875155E+0	-2.492591E-1
6e-07	-4.875155E+0	-2.407131E-1
6.1e-07	-4.875155E+0	-2.407131E-1
6.2e-07	-4.875155E+0	-2.364400E-1
6.3e-07	-4.917872E+0	-2.321670E-1
6.4e-07	-4.875155E+0	-2.321670E-1
6.5e-07	-4.875155E+0	-2.236209E-1
6.6e-07	-4.875155E+0	-2.193479E-1
6.7e-07	-4.875155E+0	-2.193479E-1
6.8e-07	-4.875155E+0	-2.150749E-1
6.9e-07	-4.875155E+0	-2.065288E-1
7e-07	-4.875155E+0	-2.022558E-1
7.1e-07	-4.875155E+0	-1.979827E-1
7.2e-07	-4.875155E+0	-1.937097E-1
7.3e-07	-4.875155E+0	-1.894367E-1
7.4e-07	-4.875155E+0	-1.851636E-1
7.5e-07	-4.875155E+0	-1.808906E-1
7.6e-07	-4.875155E+0	-1.766176E-1
7.7e-07	-4.875155E+0	-1.723445E-1
7.8e-07	-4.875155E+0	-1.723445E-1
7.9e-07	-4.875155E+0	-1.680715E-1
8e-07	-4.875155E+0	-1.637984E-1
8.1e-07	-4.917872E+0	-1.595254E-1
8.2e-07	-4.875155E+0	-1.552524E-1
8.3e-07	-4.875155E+0	-1.509793E-1
8.4e-07	-4.875155E+0	-1.467063E-1
8.5e-07	-4.875155E+0	-1.424333E-1
8.6e-07	-4.875155E+0	-1.381602E-1
8.7e-07	-4.875155E+0	-1.381602E-1
8.8e-07	-4.917872E+0	-1.296142E-1
8.9e-07	-4.875155E+0	-1.296142E-1
9e-07	-4.875155E+0	-1.296142E-1
9.1e-07	-4.875155E+0	-1.253411E-1
9.2e-07	-4.917872E+0	-1.210681E-1
9.3e-07	-4.917872E+0	-1.210681E-1
9.4e-07	-4.875155E+0	-1.167951E-1
9.5e-07	-4.875155E+0	-1.125220E-1
9.6e-07	-4.875155E+0	-1.125220E-1
9.7e-07	-4.875155E+0	-1.082490E-1
9.8e-07	-4.875155E+0	-1.039760E-1
9.9e-07	-4.875155E+0	-1.039760E-1
1e-06	-4.875155E+0	-1.039760E-1
1.01e-06	-4.875155E+0	-9.970293E-2
1.02e-06	-4.875155E+0	-9.970293E-2
1.03e-06	-4.875155E+0	-9.970293E-2
1.04e-06	-4.875155E+0	-9.542989E-2
1.05e-06	-4.875155E+0	-9.542989E-2
1.06e-06	-4.875155E+0	-9.115686E-2
1.07e-06	-4.875155E+0	-9.115686E-2
1.08e-06	-4.875155E+0	-8.688382E-2
1.09e-06	-4.875155E+0	-8.261079E-2
1.1e-06	-4.875155E+0	-7.833776E-2
1.11e-06	-4.875155E+0	-7.833776E-2
1.12e-06	-4.875155E+0	-7.406472E-2
1.13e-06	-4.875155E+0	-6.979169E-2
1.14e-06	-4.875155E+0	-6.979169E-2
1.15e-06	-4.875155E+0	-6.979169E-2
1.16e-06	-4.875155E+0	-6.979169E-2
1.17e-06	-4.875155E+0	-6.979169E-2
1.18e-06	-4.875155E+0	-6.979169E-2
1.19e-06	-4.875155E+0	-6.979169E-2
1.2e-06	-4.875155E+0	-6.551865E-2
1.21e-06	-4.875155E+0	-6.979169E-2
1.22e-06	-4.875155E+0	-6.124562E-2
1.23e-06	-4.875155E+0	-5.697258E-2
1.24e-06	-4.917872E+0	-5.697258E-2
1.25e-06	-4.875155E+0	-5.269955E-2
1.26e-06	-4.917872E+0	-5.269955E-2
1.27e-06	-4.875155E+0	-5.269955E-2
1.28e-06	-4.917872E+0	-5.269955E-2
1.29e-06	-4.875155E+0	-5.269955E-2
1.3e-06	-4.875155E+0	-5.269955E-2
1.31e-06	-4.875155E+0	-4.842651E-2
1.32e-06	-4.917872E+0	-4.842651E-2
1.33e-06	-4.917872E+0	-4.842651E-2
1.34e-06	-4.917872E+0	-4.842651E-2
1.35e-06	-4.917872E+0	-4.842651E-2
1.36e-06	-4.875155E+0	-4.842651E-2
1.37e-06	-4.917872E+0	-4.415348E-2
1.38e-06	-4.875155E+0	-4.842651E-2
1.39e-06	-4.875155E+0	-4.415348E-2
1.4e-06	-4.917872E+0	-4.415348E-2
1.41e-06	-4.917872E+0	-3.988044E-2
1.42e-06	-4.917872E+0	-3.988044E-2
1.43e-06	-4.917872E+0	-3.988044E-2
1.44e-06	-4.917872E+0	-3.988044E-2
1.45e-06	-4.875155E+0	-3.988044E-2
1.46e-06	-4.917872E+0	-3.560741E-2
1.47e-06	-4.917872E+0	-3.560741E-2
1.48e-06	-4.917872E+0	-3.560741E-2
1.49e-06	-4.917872E+0	-3.133437E-2
1.5e-06	-4.960589E+0	-3.133437E-2
1.51e-06	-4.917872E+0	-3.133437E-2
1.52e-06	-4.917872E+0	-3.133437E-2
1.53e-06	-4.875155E+0	-3.133437E-2
1.54e-06	-4.917872E+0	-3.133437E-2
1.55e-06	-4.917872E+0	-3.133437E-2
1.56e-06	-4.917872E+0	-3.133437E-2
1.57e-06	-4.917872E+0	-3.133437E-2
1.58e-06	-4.917872E+0	-3.560741E-2
1.59e-06	-4.917872E+0	-3.133437E-2
1.6e-06	-4.917872E+0	-3.133437E-2
1.61e-06	-4.917872E+0	-2.706134E-2
1.62e-06	-4.917872E+0	-2.706134E-2
1.63e-06	-4.917872E+0	-2.706134E-2
1.64e-06	-4.917872E+0	-2.706134E-2
1.65e-06	-4.917872E+0	-2.706134E-2
1.66e-06	-4.917872E+0	-2.706134E-2
1.67e-06	-4.875155E+0	-2.706134E-2
1.68e-06	-4.917872E+0	-2.278831E-2
1.69e-06	-4.917872E+0	-2.706134E-2
1.7e-06	-4.917872E+0	-2.706134E-2
1.71e-06	-4.875155E+0	-2.706134E-2
1.72e-06	-4.875155E+0	-2.706134E-2
1.73e-06	-4.917872E+0	-2.706134E-2
1.74e-06	-4.917872E+0	-2.278831E-2
1.75e-06	-4.917872E+0	-2.278831E-2
1.76e-06	-4.917872E+0	-1.851527E-2
1.77e-06	-4.917872E+0	-1.851527E-2
1.78e-06	-4.917872E+0	-1.851527E-2
1.79e-06	-4.917872E+0	-1.851527E-2
1.8e-06	-4.917872E+0	-1.851527E-2
1.81e-06	-4.917872E+0	-1.851527E-2
1.82e-06	-4.917872E+0	-1.851527E-2
1.83e-06	-4.875155E+0	-1.851527E-2
1.84e-06	-4.917872E+0	-1.851527E-2
1.85e-06	-4.917872E+0	-1.851527E-2
1.86e-06	-4.917872E+0	-1.851527E-2
1.87e-06	-4.917872E+0	-1.851527E-2
1.88e-06	-4.917872E+0	-1.424224E-2
1.89e-06	-4.917872E+0	-1.424224E-2
1.9e-06	-4.917872E+0	-1.851527E-2
1.91e-06	-4.917872E+0	-1.424224E-2
1.92e-06	-4.917872E+0	-1.424224E-2
1.93e-06	-4.875155E+0	-1.424224E-2
1.94e-06	-4.917872E+0	-1.424224E-2
1.95e-06	-4.875155E+0	-1.424224E-2
1.96e-06	-4.917872E+0	-1.424224E-2
1.97e-06	-4.917872E+0	-1.424224E-2
1.98e-06	-4.917872E+0	-1.424224E-2
1.99e-06	-4.875155E+0	-1.424224E-2
2e-06	-4.917872E+0	-1.424224E-2
2.01e-06	-4.917872E+0	-1.424224E-2
2.02e-06	-4.917872E+0	-1.424224E-2
2.03e-06	-4.917872E+0	-1.424224E-2
2.04e-06	-4.917872E+0	-1.424224E-2
2.05e-06	-4.917872E+0	-9.969201E-3
2.06e-06	-4.917872E+0	-9.969201E-3
2.07e-06	-4.875155E+0	-9.969201E-3
2.08e-06	-4.917872E+0	-9.969201E-3
2.09e-06	-4.917872E+0	-9.969201E-3
2.1e-06	-4.875155E+0	-1.424224E-2
2.11e-06	-4.875155E+0	-9.969201E-3
2.12e-06	-4.917872E+0	-1.424224E-2
2.13e-06	-4.917872E+0	-1.424224E-2
2.14e-06	-4.917872E+0	-9.969201E-3
2.15e-06	-4.917872E+0	-9.969201E-3
2.16e-06	-4.917872E+0	-9.969201E-3
2.17e-06	-4.917872E+0	-5.696167E-3
2.18e-06	-4.875155E+0	-5.696167E-3
2.19e-06	-4.917872E+0	-5.696167E-3
2.2e-06	-4.875155E+0	-5.696167E-3
2.21e-06	-4.917872E+0	-5.696167E-3
2.22e-06	-4.917872E+0	-9.969201E-3
2.23e-06	-4.875155E+0	-5.696167E-3
2.24e-06	-4.875155E+0	-5.696167E-3
2.25e-06	-4.917872E+0	-9.969201E-3
2.26e-06	-4.917872E+0	-9.969201E-3
2.27e-06	-4.917872E+0	-9.969201E-3
2.28e-06	-4.917872E+0	-1.424224E-2
2.29e-06	-4.917872E+0	-9.969201E-3
2.3e-06	-4.917872E+0	-5.696167E-3
2.31e-06	-4.917872E+0	-5.696167E-3
2.32e-06	-4.917872E+0	-5.696167E-3
2.33e-06	-4.917872E+0	-5.696167E-3
2.34e-06	-4.917872E+0	-5.696167E-3
2.35e-06	-4.917872E+0	-5.696167E-3
2.36e-06	-4.917872E+0	-5.696167E-3
2.37e-06	-4.917872E+0	-5.696167E-3
2.38e-06	-4.875155E+0	-9.969201E-3
2.39e-06	-4.917872E+0	-9.969201E-3
2.4e-06	-4.917872E+0	-9.969201E-3
2.41e-06	-4.917872E+0	-5.696167E-3
2.42e-06	-4.917872E+0	-5.696167E-3
2.43e-06	-4.917872E+0	-5.696167E-3
2.44e-06	-4.917872E+0	-1.423132E-3
2.45e-06	-4.917872E+0	-5.696167E-3
2.46e-06	-4.917872E+0	-5.696167E-3
2.47e-06	-4.917872E+0	-5.696167E-3
2.48e-06	-4.917872E+0	-9.969201E-3
2.49e-06	-4.917872E+0	-5.696167E-3
2.5e-06	-4.917872E+0	-9.969201E-3
2.51e-06	-4.917872E+0	-9.969201E-3
2.52e-06	-4.960589E+0	-5.696167E-3
2.53e-06	-4.917872E+0	-5.696167E-3
2.54e-06	-4.917872E+0	-5.696167E-3
2.55e-06	-4.917872E+0	-5.696167E-3
2.56e-06	-4.917872E+0	-5.696167E-3
2.57e-06	-4.917872E+0	-5.696167E-3
2.58e-06	-4.917872E+0	-5.696167E-3
2.59e-06	-4.917872E+0	-5.696167E-3
2.6e-06	-4.917872E+0	-5.696167E-3
2.61e-06	-4.917872E+0	-5.696167E-3
2.62e-06	-4.917872E+0	-9.969201E-3
2.63e-06	-4.917872E+0	-5.696167E-3
2.64e-06	-4.917872E+0	-9.969201E-3
2.65e-06	-4.917872E+0	-1.424224E-2
2.66e-06	-4.917872E+0	-1.424224E-2
2.67e-06	-4.917872E+0	-9.969201E-3
2.68e-06	-4.917872E+0	-5.696167E-3
2.69e-06	-4.917872E+0	-5.696167E-3
2.7e-06	-4.917872E+0	-5.696167E-3
2.71e-06	-4.917872E+0	-1.423132E-3
2.72e-06	-4.917872E+0	-1.423132E-3
2.73e-06	-4.917872E+0	-1.423132E-3
2.74e-06	-4.875155E+0	-5.696167E-3
2.75e-06	-4.875155E+0	-5.696167E-3
2.76e-06	-4.875155E+0	-5.696167E-3
2.77e-06	-4.917872E+0	-5.696167E-3
2.78e-06	-4.917872E+0	-9.969201E-3
2.79e-06	-4.875155E+0	-1.424224E-2
2.8e-06	-4.875155E+0	-9.969201E-3
2.81e-06	-4.875155E+0	-5.696167E-3
2.82e-06	-4.917872E+0	-9.969201E-3
2.83e-06	-4.917872E+0	-5.696167E-3
2.84e-06	-4.917872E+0	-5.696167E-3
2.85e-06	-4.875155E+0	-1.423132E-3
2.86e-06	-4.917872E+0	-1.423132E-3
2.87e-06	-4.917872E+0	-1.423132E-3
2.88e-06	-4.917872E+0	-1.423132E-3
2.89e-06	-4.917872E+0	-1.423132E-3
2.9e-06	-4.875155E+0	-1.423132E-3
2.91e-06	-4.917872E+0	-1.423132E-3
2.92e-06	-4.917872E+0	-1.423132E-3
2.93e-06	-4.917872E+0	-1.423132E-3
2.94e-06	-4.917872E+0	-5.696167E-3
2.95e-06	-4.917872E+0	-1.423132E-3
2.96e-06	-4.875155E+0	-5.696167E-3
2.97e-06	-4.917872E+0	-1.423132E-3
2.98e-06	-4.875155E+0	-5.696167E-3
2.99e-06	-4.875155E+0	-5.696167E-3
3e-06	-4.917872E+0	-5.696167E-3
3.01e-06	-4.917872E+0	-5.696167E-3
3.02e-06	-4.917872E+0	-5.696167E-3
3.03e-06	-4.917872E+0	-9.969201E-3
3.04e-06	-4.917872E+0	-5.696167E-3
3.05e-06	-4.917872E+0	-5.696167E-3
3.06e-06	-4.917872E+0	-5.696167E-3
3.07e-06	-4.917872E+0	-1.423132E-3
3.08e-06	-4.917872E+0	-1.423132E-3
3.09e-06	-4.917872E+0	-1.423132E-3
3.1e-06	-4.917872E+0	-1.423132E-3
3.11e-06	-4.917872E+0	-1.423132E-3
3.12e-06	-4.917872E+0	-1.423132E-3
3.13e-06	-4.917872E+0	-1.423132E-3
3.14e-06	-4.917872E+0	-1.423132E-3
3.15e-06	-4.917872E+0	-1.423132E-3
3.16e-06	-4.917872E+0	-1.423132E-3
3.17e-06	-4.875155E+0	-5.696167E-3
3.18e-06	-4.875155E+0	-5.696167E-3
3.19e-06	-4.875155E+0	-5.696167E-3
3.2e-06	-4.917872E+0	-5.696167E-3
3.21e-06	-4.917872E+0	-1.423132E-3
3.22e-06	-4.917872E+0	-1.423132E-3
3.23e-06	-4.917872E+0	-1.423132E-3
3.24e-06	-4.917872E+0	-1.423132E-3
3.25e-06	-4.917872E+0	-1.423132E-3
3.26e-06	-4.917872E+0	-1.423132E-3
3.27e-06	-4.917872E+0	-1.423132E-3
3.28e-06	-4.917872E+0	-1.423132E-3
3.29e-06	-4.917872E+0	-5.696167E-3
3.3e-06	-4.917872E+0	-1.423132E-3
3.31e-06	-4.917872E+0	-1.423132E-3
3.32e-06	-4.917872E+0	-1.423132E-3
3.33e-06	-4.917872E+0	-1.423132E-3
3.34e-06	-4.917872E+0	-1.423132E-3
3.35e-06	-4.917872E+0	-1.423132E-3
3.36e-06	-4.917872E+0	-1.423132E-3
3.37e-06	-4.917872E+0	-1.423132E-3
3.38e-06	-4.917872E+0	-1.423132E-3
3.39e-06	-4.917872E+0	-1.423132E-3
3.4e-06	-4.917872E+0	-1.423132E-3
3.41e-06	-4.917872E+0	-1.423132E-3
3.42e-06	-4.917872E+0	-1.423132E-3
3.43e-06	-4.917872E+0	-1.423132E-3
3.44e-06	-4.875155E+0	-5.696167E-3
3.45e-06	-4.875155E+0	-1.423132E-3
3.46e-06	-4.917872E+0	-5.696167E-3
3.47e-06	-4.917872E+0	-1.423132E-3
3.48e-06	-4.917872E+0	-1.423132E-3
3.49e-06	-4.917872E+0	-1.423132E-3
3.5e-06	-4.917872E+0	-1.423132E-3
3.51e-06	-4.917872E+0	-1.423132E-3
3.52e-06	-4.917872E+0	2.849902E-3
3.53e-06	-4.875155E+0	-1.423132E-3
3.54e-06	-4.917872E+0	-1.423132E-3
3.55e-06	-4.917872E+0	-1.423132E-3
3.56e-06	-4.875155E+0	-1.423132E-3
3.57e-06	-4.875155E+0	-5.696167E-3
3.58e-06	-4.875155E+0	-5.696167E-3
3.59e-06	-4.917872E+0	-5.696167E-3
3.6e-06	-4.917872E+0	-5.696167E-3
3.61e-06	-4.917872E+0	-5.696167E-3
3.62e-06	-4.875155E+0	-5.696167E-3
3.63e-06	-4.917872E+0	-5.696167E-3
3.64e-06	-4.917872E+0	-1.423132E-3
3.65e-06	-4.875155E+0	-5.696167E-3
3.66e-06	-4.917872E+0	-1.423132E-3
3.67e-06	-4.875155E+0	-5.696167E-3
3.68e-06	-4.875155E+0	-5.696167E-3
3.69e-06	-4.875155E+0	-5.696167E-3
3.7e-06	-4.875155E+0	-5.696167E-3
3.71e-06	-4.875155E+0	-5.696167E-3
3.72e-06	-4.875155E+0	-5.696167E-3
3.73e-06	-4.875155E+0	-5.696167E-3
3.74e-06	-4.917872E+0	-5.696167E-3
3.75e-06	-4.917872E+0	-1.423132E-3
3.76e-06	-4.917872E+0	-1.423132E-3
3.77e-06	-4.917872E+0	-1.423132E-3
3.78e-06	-4.875155E+0	-1.423132E-3
3.79e-06	-4.875155E+0	2.849902E-3
3.8e-06	-4.917872E+0	-1.423132E-3
3.81e-06	-4.875155E+0	-1.423132E-3
3.82e-06	-4.917872E+0	-1.423132E-3
3.83e-06	-4.875155E+0	-5.696167E-3
3.84e-06	-4.917872E+0	-1.423132E-3
3.85e-06	-4.875155E+0	-5.696167E-3
3.86e-06	-4.875155E+0	-1.423132E-3
3.87e-06	-4.875155E+0	-5.696167E-3
3.88e-06	-4.875155E+0	-1.423132E-3
3.89e-06	-4.875155E+0	-1.423132E-3
3.9e-06	-4.917872E+0	-1.423132E-3
3.91e-06	-4.875155E+0	-1.423132E-3
3.92e-06	-4.875155E+0	-1.423132E-3
3.93e-06	-4.917872E+0	-1.423132E-3
3.94e-06	-4.917872E+0	-1.423132E-3
3.95e-06	-4.917872E+0	-1.423132E-3
3.96e-06	-4.875155E+0	-1.423132E-3
3.97e-06	-4.917872E+0	-1.423132E-3
3.98e-06	-4.917872E+0	-1.423132E-3
3.99e-06	-4.917872E+0	-1.423132E-3
4e-06	-4.917872E+0	-1.423132E-3
4.01e-06	-4.917872E+0	-1.423132E-3
4.02e-06	-4.917872E+0	-1.423132E-3
4.03e-06	-4.917872E+0	-1.423132E-3
4.04e-06	-4.917872E+0	-1.423132E-3
4.05e-06	-4.875155E+0	-1.423132E-3
4.06e-06	-4.875155E+0	-1.423132E-3
4.07e-06	-4.875155E+0	-1.423132E-3
4.08e-06	-4.875155E+0	-1.423132E-3
4.09e-06	-4.875155E+0	-1.423132E-3
4.1e-06	-4.875155E+0	-1.423132E-3
4.11e-06	-4.917872E+0	-1.423132E-3
4.12e-06	-4.917872E+0	-5.696167E-3
4.13e-06	-4.875155E+0	-1.423132E-3
4.14e-06	-4.917872E+0	-1.423132E-3
4.15e-06	-4.917872E+0	-1.423132E-3
4.16e-06	-4.875155E+0	2.849902E-3
4.17e-06	-4.917872E+0	2.849902E-3
4.18e-06	-4.917872E+0	2.849902E-3
4.19e-06	-4.875155E+0	2.849902E-3
4.2e-06	-4.917872E+0	2.849902E-3
4.21e-06	-4.875155E+0	2.849902E-3
4.22e-06	-4.917872E+0	-1.423132E-3
4.23e-06	-4.917872E+0	-1.423132E-3
4.24e-06	-4.917872E+0	-1.423132E-3
4.25e-06	-4.917872E+0	-5.696167E-3
4.26e-06	-4.917872E+0	-5.696167E-3
4.27e-06	-4.917872E+0	-1.423132E-3
4.28e-06	-4.917872E+0	-1.423132E-3
4.29e-06	-4.875155E+0	-1.423132E-3
4.3e-06	-4.917872E+0	-1.423132E-3
4.31e-06	-4.917872E+0	2.849902E-3
4.32e-06	-4.875155E+0	2.849902E-3
4.33e-06	-4.917872E+0	2.849902E-3
4.34e-06	-4.875155E+0	2.849902E-3
4.35e-06	-4.917872E+0	2.849902E-3
4.36e-06	-4.917872E+0	-1.423132E-3
4.37e-06	-4.917872E+0	-1.423132E-3
4.38e-06	-4.875155E+0	-1.423132E-3
4.39e-06	-4.917872E+0	-1.423132E-3
4.4e-06	-4.917872E+0	-1.423132E-3
4.41e-06	-4.917872E+0	-1.423132E-3
4.42e-06	-4.875155E+0	-1.423132E-3
4.43e-06	-4.875155E+0	-1.423132E-3
4.44e-06	-4.875155E+0	-1.423132E-3
4.45e-06	-4.917872E+0	-1.423132E-3
4.46e-06	-4.875155E+0	-1.423132E-3
4.47e-06	-4.917872E+0	2.849902E-3
4.48e-06	-4.875155E+0	-1.423132E-3
4.49e-06	-4.917872E+0	-1.423132E-3
4.5e-06	-4.875155E+0	-1.423132E-3
4.51e-06	-4.875155E+0	-1.423132E-3
4.52e-06	-4.917872E+0	-1.423132E-3
4.53e-06	-4.875155E+0	-1.423132E-3
4.54e-06	-4.875155E+0	-1.423132E-3
4.55e-06	-4.917872E+0	-1.423132E-3
4.56e-06	-4.875155E+0	-1.423132E-3
4.57e-06	-4.875155E+0	-1.423132E-3
4.58e-06	-4.875155E+0	-1.423132E-3
4.59e-06	-4.917872E+0	-1.423132E-3
4.6e-06	-4.875155E+0	-1.423132E-3
4.61e-06	-4.875155E+0	-1.423132E-3
4.62e-06	-4.917872E+0	-5.696167E-3
4.63e-06	-4.875155E+0	-5.696167E-3
4.64e-06	-4.875155E+0	-5.696167E-3
4.65e-06	-4.875155E+0	-5.696167E-3
4.66e-06	-4.875155E+0	-5.696167E-3
4.67e-06	-4.917872E+0	-5.696167E-3
4.68e-06	-4.917872E+0	-5.696167E-3
4.69e-06	-4.875155E+0	-1.423132E-3
4.7e-06	-4.917872E+0	-1.423132E-3
4.71e-06	-4.917872E+0	-1.423132E-3
4.72e-06	-4.917872E+0	2.849902E-3
4.73e-06	-4.917872E+0	-1.423132E-3
4.74e-06	-4.917872E+0	-1.423132E-3
4.75e-06	-4.917872E+0	-1.423132E-3
4.76e-06	-4.917872E+0	-1.423132E-3
4.77e-06	-4.875155E+0	-1.423132E-3
4.78e-06	-4.875155E+0	-1.423132E-3
4.79e-06	-4.917872E+0	-1.423132E-3
4.8e-06	-4.875155E+0	-1.423132E-3
4.81e-06	-4.875155E+0	-1.423132E-3
4.82e-06	-4.875155E+0	-1.423132E-3
4.83e-06	-4.917872E+0	-1.423132E-3
4.84e-06	-4.875155E+0	-1.423132E-3
4.85e-06	-4.917872E+0	2.849902E-3
4.86e-06	-4.917872E+0	-1.423132E-3
4.87e-06	-4.875155E+0	2.849902E-3
4.88e-06	-4.875155E+0	-1.423132E-3
4.89e-06	-4.875155E+0	-1.423132E-3
4.9e-06	-4.875155E+0	-1.423132E-3
4.91e-06	-4.875155E+0	-5.696167E-3
4.92e-06	-4.875155E+0	-5.696167E-3
4.93e-06	-4.875155E+0	-5.696167E-3
4.94e-06	-4.917872E+0	-1.423132E-3
4.95e-06	-4.917872E+0	-1.423132E-3
4.96e-06	-4.917872E+0	-1.423132E-3
4.97e-06	-4.917872E+0	-1.423132E-3
4.98e-06	-4.875155E+0	2.849902E-3
4.99e-06	-4.917872E+0	2.849902E-3
5e-06	-4.917872E+0	-1.423132E-3
5.01e-06	-4.875155E+0	-1.423132E-3
5.02e-06	-4.917872E+0	-1.423132E-3
5.03e-06	-4.917872E+0	-1.423132E-3
5.04e-06	-4.917872E+0	-5.696167E-3
5.05e-06	-4.875155E+0	-1.423132E-3
5.06e-06	-4.875155E+0	-1.423132E-3
5.07e-06	-4.875155E+0	-1.423132E-3
5.08e-06	-4.917872E+0	-1.423132E-3
5.09e-06	-4.917872E+0	-1.423132E-3
5.1e-06	-4.917872E+0	2.849902E-3
5.11e-06	-4.875155E+0	-1.423132E-3
5.12e-06	-4.917872E+0	-1.423132E-3
5.13e-06	-4.875155E+0	2.849902E-3
5.14e-06	-4.875155E+0	2.849902E-3
5.15e-06	-4.875155E+0	2.849902E-3
5.16e-06	-4.875155E+0	-1.423132E-3
5.17e-06	-4.875155E+0	-1.423132E-3
5.18e-06	-4.875155E+0	-1.423132E-3
5.19e-06	-4.875155E+0	-1.423132E-3
5.2e-06	-4.917872E+0	-1.423132E-3
5.21e-06	-4.917872E+0	-1.423132E-3
5.22e-06	-4.917872E+0	-1.423132E-3
5.23e-06	-4.917872E+0	-1.423132E-3
5.24e-06	-4.875155E+0	-1.423132E-3
5.25e-06	-4.875155E+0	-1.423132E-3
5.26e-06	-4.875155E+0	2.849902E-3
5.27e-06	-4.875155E+0	-1.423132E-3
5.28e-06	-4.875155E+0	-1.423132E-3
5.29e-06	-4.917872E+0	-1.423132E-3
5.3e-06	-4.875155E+0	-1.423132E-3
5.31e-06	-4.875155E+0	-1.423132E-3
5.32e-06	-4.875155E+0	-1.423132E-3
5.33e-06	-4.875155E+0	-1.423132E-3
5.34e-06	-4.875155E+0	-1.423132E-3
5.35e-06	-4.917872E+0	-1.423132E-3
5.36e-06	-4.917872E+0	-1.423132E-3
5.37e-06	-4.917872E+0	2.849902E-3
5.38e-06	-4.917872E+0	2.849902E-3
5.39e-06	-4.875155E+0	2.849902E-3
5.4e-06	-4.917872E+0	2.849902E-3
5.41e-06	-4.875155E+0	-1.423132E-3
5.42e-06	-4.875155E+0	-1.423132E-3
5.43e-06	-4.917872E+0	-1.423132E-3
5.44e-06	-4.875155E+0	-1.423132E-3
5.45e-06	-4.917872E+0	-1.423132E-3
5.46e-06	-4.917872E+0	-1.423132E-3
5.47e-06	-4.875155E+0	-1.423132E-3
5.48e-06	-4.875155E+0	-1.423132E-3
5.49e-06	-4.875155E+0	-1.423132E-3
5.5e-06	-4.875155E+0	-1.423132E-3
5.51e-06	-4.917872E+0	-1.423132E-3
5.52e-06	-4.875155E+0	-1.423132E-3
5.53e-06	-4.917872E+0	-1.423132E-3
5.54e-06	-4.875155E+0	-1.423132E-3
5.55e-06	-4.875155E+0	-1.423132E-3
5.56e-06	-4.917872E+0	-1.423132E-3
5.57e-06	-4.875155E+0	-1.423132E-3
5.58e-06	-4.875155E+0	-1.423132E-3
5.59e-06	-4.917872E+0	-1.423132E-3
5.6e-06	-4.917872E+0	-1.423132E-3
5.61e-06	-4.917872E+0	-1.423132E-3
5.62e-06	-4.875155E+0	-1.423132E-3
5.63e-06	-4.917872E+0	-1.423132E-3
5.64e-06	-4.917872E+0	-1.423132E-3
5.65e-06	-4.917872E+0	-1.423132E-3
5.66e-06	-4.875155E+0	-1.423132E-3
5.67e-06	-4.875155E+0	-5.696167E-3
5.68e-06	-4.875155E+0	-5.696167E-3
5.69e-06	-4.875155E+0	-5.696167E-3
5.7e-06	-4.875155E+0	-5.696167E-3
5.71e-06	-4.875155E+0	-5.696167E-3
5.72e-06	-4.875155E+0	-5.696167E-3
5.73e-06	-4.875155E+0	-1.423132E-3
5.74e-06	-4.875155E+0	-1.423132E-3
5.75e-06	-4.917872E+0	-1.423132E-3
5.76e-06	-4.917872E+0	2.849902E-3
5.77e-06	-4.917872E+0	2.849902E-3
5.78e-06	-4.875155E+0	2.849902E-3
5.79e-06	-4.875155E+0	2.849902E-3
5.8e-06	-4.875155E+0	-1.423132E-3
5.81e-06	-4.875155E+0	2.849902E-3
5.82e-06	-4.875155E+0	-1.423132E-3
5.83e-06	-4.875155E+0	-1.423132E-3
5.84e-06	-4.875155E+0	-5.696167E-3
5.85e-06	-4.875155E+0	-1.423132E-3
5.86e-06	-4.917872E+0	-5.696167E-3
5.87e-06	-4.875155E+0	-1.423132E-3
5.88e-06	-4.875155E+0	-1.423132E-3
5.89e-06	-4.875155E+0	-1.423132E-3
5.9e-06	-4.875155E+0	-1.423132E-3
5.91e-06	-4.875155E+0	-1.423132E-3
5.92e-06	-4.917872E+0	2.849902E-3
5.93e-06	-4.875155E+0	-1.423132E-3
5.94e-06	-4.875155E+0	2.849902E-3
5.95e-06	-4.875155E+0	-1.423132E-3
5.96e-06	-4.875155E+0	-1.423132E-3
5.97e-06	-4.875155E+0	-1.423132E-3
5.98e-06	-4.875155E+0	-1.423132E-3
5.99e-06	-4.875155E+0	-1.423132E-3
6e-06	-4.875155E+0	-1.423132E-3
6.01e-06	-4.875155E+0	-1.423132E-3
6.02e-06	-4.875155E+0	-1.423132E-3
6.03e-06	-4.875155E+0	-1.423132E-3
6.04e-06	-4.875155E+0	-1.423132E-3
6.05e-06	-4.917872E+0	-1.423132E-3
6.06e-06	-4.875155E+0	2.849902E-3
6.07e-06	-4.875155E+0	2.849902E-3
6.08e-06	-4.875155E+0	-1.423132E-3
6.09e-06	-4.875155E+0	-1.423132E-3
6.1e-06	-4.875155E+0	-1.423132E-3
6.11e-06	-4.875155E+0	-1.423132E-3
6.12e-06	-4.875155E+0	-1.423132E-3
6.13e-06	-4.875155E+0	-1.423132E-3
6.14e-06	-4.875155E+0	2.849902E-3
6.15e-06	-4.875155E+0	2.849902E-3
6.16e-06	-4.917872E+0	2.849902E-3
6.17e-06	-4.875155E+0	2.849902E-3
6.18e-06	-4.917872E+0	2.849902E-3
6.19e-06	-4.875155E+0	2.849902E-3
6.2e-06	-4.875155E+0	-1.423132E-3
6.21e-06	-4.875155E+0	-1.423132E-3
6.22e-06	-4.875155E+0	-1.423132E-3
6.23e-06	-4.875155E+0	-1.423132E-3
6.24e-06	-4.875155E+0	-1.423132E-3
6.25e-06	-4.875155E+0	-1.423132E-3
6.26e-06	-4.875155E+0	-1.423132E-3
6.27e-06	-4.875155E+0	-1.423132E-3
6.28e-06	-4.875155E+0	-1.423132E-3
6.29e-06	-4.917872E+0	-1.423132E-3
6.3e-06	-4.917872E+0	-1.423132E-3
6.31e-06	-4.917872E+0	2.849902E-3
6.32e-06	-4.875155E+0	2.849902E-3
6.33e-06	-4.917872E+0	2.849902E-3
6.34e-06	-4.875155E+0	2.849902E-3
6.35e-06	-4.875155E+0	-1.423132E-3
6.36e-06	-4.875155E+0	-1.423132E-3
6.37e-06	-4.875155E+0	-1.423132E-3
6.38e-06	-4.875155E+0	-1.423132E-3
6.39e-06	-4.875155E+0	-1.423132E-3
6.4e-06	-4.875155E+0	-1.423132E-3
6.41e-06	-4.917872E+0	-1.423132E-3
6.42e-06	-4.917872E+0	-1.423132E-3
6.43e-06	-4.917872E+0	-1.423132E-3
6.44e-06	-4.875155E+0	2.849902E-3
6.45e-06	-4.875155E+0	2.849902E-3
6.46e-06	-4.875155E+0	2.849902E-3
6.47e-06	-4.917872E+0	-1.423132E-3
6.48e-06	-4.875155E+0	-1.423132E-3
6.49e-06	-4.875155E+0	-1.423132E-3
6.5e-06	-4.875155E+0	-1.423132E-3
6.51e-06	-4.917872E+0	-1.423132E-3
6.52e-06	-4.917872E+0	-1.423132E-3
6.53e-06	-4.875155E+0	-1.423132E-3
6.54e-06	-4.875155E+0	-1.423132E-3
6.55e-06	-4.917872E+0	-1.423132E-3
6.56e-06	-4.875155E+0	-1.423132E-3
6.57e-06	-4.917872E+0	-1.423132E-3
6.58e-06	-4.875155E+0	-1.423132E-3
6.59e-06	-4.875155E+0	-1.423132E-3
6.6e-06	-4.875155E+0	-1.423132E-3
6.61e-06	-4.875155E+0	-1.423132E-3
6.62e-06	-4.875155E+0	-1.423132E-3
6.63e-06	-4.875155E+0	-1.423132E-3
6.64e-06	-4.917872E+0	-1.423132E-3
6.65e-06	-4.875155E+0	-5.696167E-3
6.66e-06	-4.917872E+0	-1.423132E-3
6.67e-06	-4.875155E+0	-5.696167E-3
6.68e-06	-4.875155E+0	-1.423132E-3
6.69e-06	-4.875155E+0	-1.423132E-3
6.7e-06	-4.917872E+0	-1.423132E-3
6.71e-06	-4.917872E+0	-1.423132E-3
6.72e-06	-4.875155E+0	2.849902E-3
6.73e-06	-4.875155E+0	-1.423132E-3
6.74e-06	-4.875155E+0	-1.423132E-3
6.75e-06	-4.875155E+0	-1.423132E-3
6.76e-06	-4.875155E+0	-1.423132E-3
6.77e-06	-4.917872E+0	-1.423132E-3
6.78e-06	-4.875155E+0	-1.423132E-3
6.79e-06	-4.875155E+0	-1.423132E-3
6.8e-06	-4.875155E+0	-1.423132E-3
6.81e-06	-4.917872E+0	-1.423132E-3
6.82e-06	-4.875155E+0	2.849902E-3
6.83e-06	-4.875155E+0	2.849902E-3
6.84e-06	-4.875155E+0	2.849902E-3
6.85e-06	-4.875155E+0	2.849902E-3
6.86e-06	-4.875155E+0	2.849902E-3
6.87e-06	-4.875155E+0	-1.423132E-3
6.88e-06	-4.875155E+0	-1.423132E-3
6.89e-06	-4.875155E+0	-1.423132E-3
6.9e-06	-4.875155E+0	-1.423132E-3
6.91e-06	-4.917872E+0	-1.423132E-3
6.92e-06	-4.875155E+0	-1.423132E-3
6.93e-06	-4.875155E+0	-1.423132E-3
6.94e-06	-4.875155E+0	-1.423132E-3
6.95e-06	-4.875155E+0	2.849902E-3
6.96e-06	-4.875155E+0	2.849902E-3
6.97e-06	-4.875155E+0	2.849902E-3
6.98e-06	-4.875155E+0	2.849902E-3
6.99e-06	-4.917872E+0	2.849902E-3
7e-06	-4.917872E+0	-1.423132E-3
7.01e-06	-4.917872E+0	-1.423132E-3
7.02e-06	-4.875155E+0	-1.423132E-3
7.03e-06	-4.875155E+0	-1.423132E-3
7.04e-06	-4.917872E+0	-1.423132E-3
7.05e-06	-4.875155E+0	-1.423132E-3
7.06e-06	-4.875155E+0	-1.423132E-3
7.07e-06	-4.875155E+0	-1.423132E-3
7.08e-06	-4.875155E+0	-1.423132E-3
7.09e-06	-4.875155E+0	-1.423132E-3
7.1e-06	-4.875155E+0	-1.423132E-3
7.11e-06	-4.875155E+0	2.849902E-3
7.12e-06	-4.875155E+0	2.849902E-3
7.13e-06	-4.875155E+0	-1.423132E-3
7.14e-06	-4.875155E+0	2.849902E-3
7.15e-06	-4.917872E+0	-1.423132E-3
7.16e-06	-4.875155E+0	-1.423132E-3
7.17e-06	-4.875155E+0	-1.423132E-3
7.18e-06	-4.875155E+0	-1.423132E-3
7.19e-06	-4.875155E+0	2.849902E-3
7.2e-06	-4.875155E+0	2.849902E-3
7.21e-06	-4.917872E+0	2.849902E-3
7.22e-06	-4.875155E+0	7.122937E-3
7.23e-06	-4.917872E+0	7.122937E-3
7.24e-06	-4.875155E+0	7.122937E-3
7.25e-06	-4.875155E+0	2.849902E-3
7.26e-06	-4.875155E+0	2.849902E-3
7.27e-06	-4.875155E+0	-1.423132E-3
7.28e-06	-4.875155E+0	-1.423132E-3
7.29e-06	-4.917872E+0	-1.423132E-3
7.3e-06	-4.875155E+0	-1.423132E-3
7.31e-06	-4.875155E+0	-5.696167E-3
7.32e-06	-4.875155E+0	-1.423132E-3
7.33e-06	-4.875155E+0	-1.423132E-3
7.34e-06	-4.875155E+0	-1.423132E-3
7.35e-06	-4.875155E+0	-1.423132E-3
7.36e-06	-4.917872E+0	2.849902E-3
7.37e-06	-4.917872E+0	2.849902E-3
7.38e-06	-4.917872E+0	2.849902E-3
7.39e-06	-4.875155E+0	2.849902E-3
7.4e-06	-4.875155E+0	2.849902E-3
7.41e-06	-4.875155E+0	2.849902E-3
7.42e-06	-4.875155E+0	2.849902E-3
7.43e-06	-4.917872E+0	-1.423132E-3
7.44e-06	-4.875155E+0	-1.423132E-3
7.45e-06	-4.875155E+0	-5.696167E-3
7.46e-06	-4.875155E+0	-5.696167E-3
7.47e-06	-4.917872E+0	-5.696167E-3
7.48e-06	-4.875155E+0	-1.423132E-3
7.49e-06	-4.917872E+0	-1.423132E-3
7.5e-06	-4.917872E+0	-1.423132E-3
7.51e-06	-4.917872E+0	-1.423132E-3
7.52e-06	-4.875155E+0	2.849902E-3
7.53e-06	-4.875155E+0	2.849902E-3
7.54e-06	-4.875155E+0	-1.423132E-3
7.55e-06	-4.875155E+0	-1.423132E-3
7.56e-06	-4.875155E+0	-1.423132E-3
7.57e-06	-4.917872E+0	-1.423132E-3
7.58e-06	-4.917872E+0	-1.423132E-3
7.59e-06	-4.917872E+0	-1.423132E-3
7.6e-06	-4.917872E+0	-1.423132E-3
7.61e-06	-4.875155E+0	-1.423132E-3
7.62e-06	-4.875155E+0	-1.423132E-3
7.63e-06	-4.875155E+0	-1.423132E-3
7.64e-06	-4.875155E+0	-1.423132E-3
7.65e-06	-4.917872E+0	-1.423132E-3
7.66e-06	-4.875155E+0	-1.423132E-3
7.67e-06	-4.875155E+0	-1.423132E-3
7.68e-06	-4.917872E+0	-1.423132E-3
7.69e-06	-4.917872E+0	-5.696167E-3
7.7e-06	-4.917872E+0	-1.423132E-3
7.71e-06	-4.917872E+0	-1.423132E-3
7.72e-06	-4.875155E+0	-1.423132E-3
7.73e-06	-4.875155E+0	-1.423132E-3
7.74e-06	-4.917872E+0	-1.423132E-3
7.75e-06	-4.875155E+0	-1.423132E-3
7.76e-06	-4.917872E+0	-1.423132E-3
7.77e-06	-4.917872E+0	2.849902E-3
7.78e-06	-4.917872E+0	2.849902E-3
7.79e-06	-4.875155E+0	-1.423132E-3
7.8e-06	-4.875155E+0	2.849902E-3
7.81e-06	-4.875155E+0	2.849902E-3
7.82e-06	-4.875155E+0	-1.423132E-3
7.83e-06	-4.875155E+0	-1.423132E-3
7.84e-06	-4.875155E+0	-1.423132E-3
7.85e-06	-4.917872E+0	-1.423132E-3
7.86e-06	-4.917872E+0	-5.696167E-3
7.87e-06	-4.917872E+0	-1.423132E-3
7.88e-06	-4.917872E+0	-1.423132E-3
7.89e-06	-4.875155E+0	-1.423132E-3
7.9e-06	-4.875155E+0	-1.423132E-3
7.91e-06	-4.875155E+0	-1.423132E-3
7.92e-06	-4.875155E+0	-1.423132E-3
7.93e-06	-4.875155E+0	2.849902E-3
7.94e-06	-4.917872E+0	-1.423132E-3
7.95e-06	-4.875155E+0	-1.423132E-3
7.96e-06	-4.875155E+0	-1.423132E-3
7.97e-06	-4.875155E+0	-1.423132E-3
7.98e-06	-4.875155E+0	-1.423132E-3
7.99e-06	-4.917872E+0	-1.423132E-3
8e-06	-4.917872E+0	-1.423132E-3
8.01e-06	-4.917872E+0	-1.423132E-3
8.02e-06	-4.917872E+0	-1.423132E-3
8.03e-06	-4.875155E+0	2.849902E-3
8.04e-06	-4.917872E+0	2.849902E-3
8.05e-06	-4.875155E+0	2.849902E-3
8.06e-06	-4.875155E+0	2.849902E-3
8.07e-06	-4.917872E+0	2.849902E-3
8.08e-06	-4.875155E+0	2.849902E-3
8.09e-06	-4.875155E+0	2.849902E-3
8.1e-06	-4.875155E+0	2.849902E-3
8.11e-06	-4.875155E+0	-1.423132E-3
8.12e-06	-4.917872E+0	-1.423132E-3
8.13e-06	-4.875155E+0	-1.423132E-3
8.14e-06	-4.875155E+0	2.849902E-3
8.15e-06	-4.875155E+0	-1.423132E-3
8.16e-06	-4.875155E+0	2.849902E-3
8.17e-06	-4.875155E+0	-1.423132E-3
8.18e-06	-4.917872E+0	-1.423132E-3
8.19e-06	-4.917872E+0	2.849902E-3
8.2e-06	-4.875155E+0	-1.423132E-3
8.21e-06	-4.875155E+0	2.849902E-3
8.22e-06	-4.875155E+0	-1.423132E-3
8.23e-06	-4.917872E+0	-1.423132E-3
8.24e-06	-4.875155E+0	2.849902E-3
8.25e-06	-4.917872E+0	-1.423132E-3
8.26e-06	-4.875155E+0	-1.423132E-3
8.27e-06	-4.875155E+0	-1.423132E-3
8.28e-06	-4.875155E+0	-1.423132E-3
8.29e-06	-4.875155E+0	2.849902E-3
8.3e-06	-4.917872E+0	2.849902E-3
8.31e-06	-4.917872E+0	2.849902E-3
8.32e-06	-4.917872E+0	-1.423132E-3
8.33e-06	-4.917872E+0	-1.423132E-3
8.34e-06	-4.875155E+0	-1.423132E-3
8.35e-06	-4.875155E+0	-1.423132E-3
8.36e-06	-4.875155E+0	-1.423132E-3
8.37e-06	-4.917872E+0	-1.423132E-3
8.38e-06	-4.875155E+0	-1.423132E-3
8.39e-06	-4.917872E+0	-1.423132E-3
8.4e-06	-4.875155E+0	-1.423132E-3
8.41e-06	-4.917872E+0	-1.423132E-3
8.42e-06	-4.875155E+0	2.849902E-3
8.43e-06	-4.875155E+0	2.849902E-3
8.44e-06	-4.917872E+0	2.849902E-3
8.45e-06	-4.875155E+0	2.849902E-3
8.46e-06	-4.917872E+0	2.849902E-3
8.47e-06	-4.917872E+0	2.849902E-3
8.48e-06	-4.875155E+0	-1.423132E-3
8.49e-06	-4.875155E+0	-1.423132E-3
8.5e-06	-4.917872E+0	-1.423132E-3
8.51e-06	-4.875155E+0	-1.423132E-3
8.52e-06	-4.917872E+0	-1.423132E-3
8.53e-06	-4.875155E+0	-1.423132E-3
8.54e-06	-4.917872E+0	-1.423132E-3
8.55e-06	-4.875155E+0	-1.423132E-3
8.56e-06	-4.917872E+0	-1.423132E-3
8.57e-06	-4.917872E+0	-1.423132E-3
8.58e-06	-4.875155E+0	-1.423132E-3
8.59e-06	-4.875155E+0	2.849902E-3
8.6e-06	-4.875155E+0	-1.423132E-3
8.61e-06	-4.875155E+0	-1.423132E-3
8.62e-06	-4.875155E+0	-1.423132E-3
8.63e-06	-4.875155E+0	-1.423132E-3
8.64e-06	-4.875155E+0	-5.696167E-3
8.65e-06	-4.917872E+0	-1.423132E-3
8.66e-06	-4.875155E+0	-1.423132E-3
8.67e-06	-4.875155E+0	-1.423132E-3
8.68e-06	-4.875155E+0	-1.423132E-3
8.69e-06	-4.917872E+0	-1.423132E-3
8.7e-06	-4.917872E+0	2.849902E-3
8.71e-06	-4.875155E+0	-1.423132E-3
8.72e-06	-4.875155E+0	-1.423132E-3
8.73e-06	-4.875155E+0	-1.423132E-3
8.74e-06	-4.875155E+0	-1.423132E-3
8.75e-06	-4.875155E+0	-5.696167E-3
8.76e-06	-4.875155E+0	-1.423132E-3
8.77e-06	-4.875155E+0	-1.423132E-3
8.78e-06	-4.875155E+0	-1.423132E-3
8.79e-06	-4.917872E+0	-1.423132E-3
8.8e-06	-4.917872E+0	-1.423132E-3
8.81e-06	-4.917872E+0	2.849902E-3
8.82e-06	-4.917872E+0	2.849902E-3
8.83e-06	-4.917872E+0	7.122937E-3
8.84e-06	-4.917872E+0	2.849902E-3
8.85e-06	-4.917872E+0	2.849902E-3
8.86e-06	-4.917872E+0	2.849902E-3
8.87e-06	-4.917872E+0	2.849902E-3
8.88e-06	-4.875155E+0	-1.423132E-3
8.89e-06	-4.875155E+0	-1.423132E-3
8.9e-06	-4.875155E+0	-1.423132E-3
8.91e-06	-4.875155E+0	-1.423132E-3
8.92e-06	-4.875155E+0	-5.696167E-3
8.93e-06	-4.875155E+0	-1.423132E-3
8.94e-06	-4.875155E+0	-1.423132E-3
8.95e-06	-4.917872E+0	-1.423132E-3
8.96e-06	-4.917872E+0	2.849902E-3
8.97e-06	-4.875155E+0	2.849902E-3
8.98e-06	-4.875155E+0	2.849902E-3
8.99e-06	-4.875155E+0	2.849902E-3
9e-06	-4.917872E+0	2.849902E-3
9.01e-06	-4.917872E+0	2.849902E-3
9.02e-06	-4.917872E+0	-1.423132E-3
9.03e-06	-4.917872E+0	-1.423132E-3
9.04e-06	-4.917872E+0	-1.423132E-3
9.05e-06	-4.875155E+0	-1.423132E-3
9.06e-06	-4.875155E+0	-1.423132E-3
9.07e-06	-4.875155E+0	-1.423132E-3
9.08e-06	-4.917872E+0	-1.423132E-3
9.09e-06	-4.917872E+0	-1.423132E-3
9.1e-06	-4.875155E+0	2.849902E-3
9.11e-06	-4.917872E+0	-1.423132E-3
9.12e-06	-4.917872E+0	2.849902E-3
9.13e-06	-4.875155E+0	2.849902E-3
9.14e-06	-4.875155E+0	2.849902E-3
9.15e-06	-4.875155E+0	-1.423132E-3
9.16e-06	-4.875155E+0	-1.423132E-3
9.17e-06	-4.875155E+0	2.849902E-3
9.18e-06	-4.875155E+0	2.849902E-3
9.19e-06	-4.917872E+0	2.849902E-3
9.2e-06	-4.875155E+0	2.849902E-3
9.21e-06	-4.917872E+0	2.849902E-3
9.22e-06	-4.917872E+0	2.849902E-3
9.23e-06	-4.875155E+0	2.849902E-3
9.24e-06	-4.917872E+0	2.849902E-3
9.25e-06	-4.875155E+0	2.849902E-3
9.26e-06	-4.917872E+0	2.849902E-3
9.27e-06	-4.875155E+0	-1.423132E-3
9.28e-06	-4.917872E+0	-1.423132E-3
9.29e-06	-4.917872E+0	-1.423132E-3
9.3e-06	-4.875155E+0	-1.423132E-3
9.31e-06	-4.875155E+0	-1.423132E-3
9.32e-06	-4.875155E+0	-1.423132E-3
9.33e-06	-4.875155E+0	-1.423132E-3
9.34e-06	-4.875155E+0	-1.423132E-3
9.35e-06	-4.917872E+0	2.849902E-3
9.36e-06	-4.917872E+0	2.849902E-3
9.37e-06	-4.917872E+0	-1.423132E-3
9.38e-06	-4.875155E+0	2.849902E-3
9.39e-06	-4.917872E+0	2.849902E-3
9.4e-06	-4.875155E+0	2.849902E-3
9.41e-06	-4.875155E+0	2.849902E-3
9.42e-06	-4.875155E+0	-1.423132E-3
9.43e-06	-4.875155E+0	-1.423132E-3
9.44e-06	-4.875155E+0	-1.423132E-3
9.45e-06	-4.875155E+0	-1.423132E-3
9.46e-06	-4.875155E+0	-1.423132E-3
9.47e-06	-4.875155E+0	-1.423132E-3
9.48e-06	-4.875155E+0	-1.423132E-3
9.49e-06	-4.917872E+0	2.849902E-3
9.5e-06	-4.875155E+0	2.849902E-3
9.51e-06	-4.875155E+0	2.849902E-3
9.52e-06	-4.875155E+0	-1.423132E-3
9.53e-06	-4.875155E+0	-1.423132E-3
9.54e-06	-4.875155E+0	-1.423132E-3
9.55e-06	-4.875155E+0	-1.423132E-3
9.56e-06	-4.917872E+0	-5.696167E-3
9.57e-06	-4.917872E+0	-5.696167E-3
9.58e-06	-4.875155E+0	-5.696167E-3
9.59e-06	-4.917872E+0	-1.423132E-3
9.6e-06	-4.917872E+0	-1.423132E-3
9.61e-06	-4.917872E+0	-1.423132E-3
9.62e-06	-4.875155E+0	-1.423132E-3
9.63e-06	-4.917872E+0	-1.423132E-3
9.64e-06	-4.917872E+0	-1.423132E-3
9.65e-06	-4.917872E+0	-1.423132E-3
9.66e-06	-4.917872E+0	-1.423132E-3
9.67e-06	-4.875155E+0	-1.423132E-3
9.68e-06	-4.917872E+0	-1.423132E-3
9.69e-06	-4.917872E+0	-1.423132E-3
9.7e-06	-4.875155E+0	-1.423132E-3
9.71e-06	-4.917872E+0	-1.423132E-3
9.72e-06	-4.875155E+0	-1.423132E-3
9.73e-06	-4.875155E+0	-1.423132E-3
9.74e-06	-4.917872E+0	-1.423132E-3
9.75e-06	-4.917872E+0	-1.423132E-3
9.76e-06	-4.917872E+0	2.849902E-3
9.77e-06	-4.875155E+0	2.849902E-3
9.78e-06	-4.917872E+0	2.849902E-3
9.79e-06	-4.875155E+0	2.849902E-3
9.8e-06	-4.875155E+0	-1.423132E-3
9.81e-06	-4.875155E+0	-1.423132E-3
9.82e-06	-4.875155E+0	-1.423132E-3
9.83e-06	-4.875155E+0	-1.423132E-3
9.84e-06	-4.875155E+0	-1.423132E-3
9.85e-06	-4.875155E+0	-1.423132E-3
9.86e-06	-4.917872E+0	2.849902E-3
9.87e-06	-4.917872E+0	2.849902E-3
9.88e-06	-4.917872E+0	2.849902E-3
9.89e-06	-4.917872E+0	-1.423132E-3
9.9e-06	-4.917872E+0	-1.423132E-3
9.91e-06	-4.917872E+0	2.849902E-3
9.92e-06	-4.917872E+0	2.849902E-3
9.93e-06	-4.917872E+0	-1.423132E-3
9.94e-06	-4.875155E+0	2.849902E-3
9.95e-06	-4.875155E+0	-1.423132E-3
9.96e-06	-4.875155E+0	-1.423132E-3
9.97e-06	-4.875155E+0	-1.423132E-3
9.98e-06	-4.875155E+0	-1.423132E-3
9.99e-06	-4.917872E+0	-1.423132E-3
1e-05	-4.875155E+0	-1.423132E-3
1.001e-05	-4.875155E+0	-1.423132E-3
1.002e-05	-4.875155E+0	-1.423132E-3
1.003e-05	-4.917872E+0	2.849902E-3
1.004e-05	-4.917872E+0	2.849902E-3
1.005e-05	-4.917872E+0	2.849902E-3
1.006e-05	-4.875155E+0	2.849902E-3
1.007e-05	-4.917872E+0	2.849902E-3
1.008e-05	-4.875155E+0	2.849902E-3
1.009e-05	-4.875155E+0	2.849902E-3
1.01e-05	-4.875155E+0	2.849902E-3
1.011e-05	-4.875155E+0	2.849902E-3
1.012e-05	-4.875155E+0	-1.423132E-3
1.013e-05	-4.917872E+0	-1.423132E-3
1.014e-05	-4.917872E+0	-1.423132E-3
1.015e-05	-4.917872E+0	2.849902E-3
1.016e-05	-4.917872E+0	2.849902E-3
1.017e-05	-4.875155E+0	-1.423132E-3
1.018e-05	-4.875155E+0	-1.423132E-3
1.019e-05	-4.875155E+0	-1.423132E-3
1.02e-05	-4.875155E+0	-1.423132E-3
1.021e-05	-4.917872E+0	2.849902E-3
1.022e-05	-4.875155E+0	-1.423132E-3
1.023e-05	-4.875155E+0	-1.423132E-3
1.024e-05	-4.875155E+0	-1.423132E-3
1.025e-05	-4.917872E+0	-1.423132E-3
1.026e-05	-4.917872E+0	-1.423132E-3
1.027e-05	-4.917872E+0	2.849902E-3
1.028e-05	-4.917872E+0	2.849902E-3
1.029e-05	-4.917872E+0	2.849902E-3
1.03e-05	-4.875155E+0	2.849902E-3
1.031e-05	-4.832438E+0	2.849902E-3
1.032e-05	-4.618852E+0	7.122937E-3
1.033e-05	-4.234399E+0	1.994204E-2
1.034e-05	-3.679076E+0	4.130721E-2
1.035e-05	-2.995603E+0	8.403756E-2
1.036e-05	-2.440280E+0	1.224949E-1
1.037e-05	-1.927675E+0	1.524061E-1
1.038e-05	-1.457787E+0	1.737713E-1
1.039e-05	-1.116050E+0	1.951365E-1
1.04e-05	-8.597477E-1	2.165016E-1
1.041e-05	-6.034451E-1	2.335938E-1
1.042e-05	-4.752938E-1	2.506859E-1
1.043e-05	-3.471425E-1	2.592320E-1
1.044e-05	-2.617083E-1	2.635050E-1
1.045e-05	-1.762741E-1	2.677780E-1
1.046e-05	-1.335571E-1	2.763241E-1
1.047e-05	-9.083995E-2	2.763241E-1
1.048e-05	-4.812285E-2	2.720511E-1
1.049e-05	-4.812285E-2	2.677780E-1
1.05e-05	-4.812285E-2	2.677780E-1
1.051e-05	-5.405753E-3	2.635050E-1
1.052e-05	-5.405753E-3	2.677780E-1
1.053e-05	3.731135E-2	2.592320E-1
1.054e-05	3.731135E-2	2.592320E-1
1.055e-05	-5.405753E-3	2.549589E-1
1.056e-05	3.731135E-2	2.592320E-1
1.057e-05	3.731135E-2	2.549589E-1
1.058e-05	3.731135E-2	2.464129E-1
1.059e-05	3.731135E-2	2.464129E-1
1.06e-05	3.731135E-2	2.421398E-1
1.061e-05	3.731135E-2	2.378668E-1
1.062e-05	3.731135E-2	2.335938E-1
1.063e-05	3.731135E-2	2.293207E-1
1.064e-05	3.731135E-2	2.250477E-1
1.065e-05	3.731135E-2	2.250477E-1
1.066e-05	3.731135E-2	2.207747E-1
1.067e-05	3.731135E-2	2.165016E-1
1.068e-05	3.731135E-2	2.122286E-1
1.069e-05	3.731135E-2	2.079556E-1
1.07e-05	3.731135E-2	2.079556E-1
1.071e-05	3.731135E-2	1.994095E-1
1.072e-05	3.731135E-2	1.994095E-1
1.073e-05	3.731135E-2	1.908634E-1
1.074e-05	3.731135E-2	1.908634E-1
1.075e-05	3.731135E-2	1.865904E-1
1.076e-05	3.731135E-2	1.865904E-1
1.077e-05	3.731135E-2	1.780443E-1
1.078e-05	3.731135E-2	1.780443E-1
1.079e-05	3.731135E-2	1.737713E-1
1.08e-05	3.731135E-2	1.737713E-1
1.081e-05	3.731135E-2	1.694983E-1
1.082e-05	3.731135E-2	1.652252E-1
1.083e-05	3.731135E-2	1.652252E-1
1.084e-05	3.731135E-2	1.609522E-1
1.085e-05	3.731135E-2	1.566791E-1
1.086e-05	3.731135E-2	1.524061E-1
1.087e-05	3.731135E-2	1.481331E-1
1.088e-05	3.731135E-2	1.438600E-1
1.089e-05	3.731135E-2	1.395870E-1
1.09e-05	3.731135E-2	1.353140E-1
1.091e-05	3.731135E-2	1.353140E-1
1.092e-05	3.731135E-2	1.310409E-1
1.093e-05	8.002845E-2	1.310409E-1
1.094e-05	3.731135E-2	1.310409E-1
1.095e-05	3.731135E-2	1.267679E-1
1.096e-05	3.731135E-2	1.267679E-1
1.097e-05	3.731135E-2	1.224949E-1
1.098e-05	3.731135E-2	1.182218E-1
1.099e-05	3.731135E-2	1.182218E-1
1.1e-05	3.731135E-2	1.139488E-1
1.101e-05	3.731135E-2	1.139488E-1
1.102e-05	3.731135E-2	1.054027E-1
1.103e-05	3.731135E-2	1.096758E-1
1.104e-05	3.731135E-2	1.054027E-1
1.105e-05	3.731135E-2	1.011297E-1
1.106e-05	3.731135E-2	1.054027E-1
1.107e-05	3.731135E-2	1.011297E-1
1.108e-05	3.731135E-2	9.685666E-2
1.109e-05	3.731135E-2	9.685666E-2
1.11e-05	3.731135E-2	9.685666E-2
1.111e-05	3.731135E-2	9.258363E-2
1.112e-05	3.731135E-2	9.258363E-2
1.113e-05	3.731135E-2	8.831060E-2
1.114e-05	3.731135E-2	8.831060E-2
1.115e-05	3.731135E-2	8.403756E-2
1.116e-05	3.731135E-2	8.403756E-2
1.117e-05	3.731135E-2	7.976453E-2
1.118e-05	3.731135E-2	7.549149E-2
1.119e-05	3.731135E-2	7.549149E-2
1.12e-05	3.731135E-2	7.549149E-2
1.121e-05	3.731135E-2	7.121846E-2
1.122e-05	3.731135E-2	7.549149E-2
1.123e-05	3.731135E-2	7.549149E-2
1.124e-05	8.002845E-2	7.549149E-2
1.125e-05	3.731135E-2	7.121846E-2
1.126e-05	8.002845E-2	7.121846E-2
1.127e-05	3.731135E-2	6.694542E-2
1.128e-05	8.002845E-2	6.694542E-2
1.129e-05	3.731135E-2	6.267239E-2
1.13e-05	8.002845E-2	6.267239E-2
1.131e-05	3.731135E-2	5.839935E-2
1.132e-05	8.002845E-2	5.839935E-2
1.133e-05	3.731135E-2	5.839935E-2
1.134e-05	8.002845E-2	5.839935E-2
1.135e-05	3.731135E-2	5.839935E-2
1.136e-05	3.731135E-2	5.839935E-2
1.137e-05	3.731135E-2	5.412632E-2
1.138e-05	8.002845E-2	5.412632E-2
1.139e-05	3.731135E-2	5.412632E-2
1.14e-05	3.731135E-2	4.985328E-2
1.141e-05	3.731135E-2	5.412632E-2
1.142e-05	8.002845E-2	4.985328E-2
1.143e-05	8.002845E-2	4.985328E-2
1.144e-05	8.002845E-2	4.985328E-2
1.145e-05	3.731135E-2	4.558025E-2
1.146e-05	8.002845E-2	4.985328E-2
1.147e-05	3.731135E-2	4.558025E-2
1.148e-05	8.002845E-2	4.558025E-2
1.149e-05	8.002845E-2	4.985328E-2
1.15e-05	3.731135E-2	4.558025E-2
1.151e-05	8.002845E-2	4.558025E-2
1.152e-05	8.002845E-2	4.558025E-2
1.153e-05	8.002845E-2	4.130721E-2
1.154e-05	8.002845E-2	3.703418E-2
1.155e-05	8.002845E-2	4.130721E-2
1.156e-05	8.002845E-2	3.703418E-2
1.157e-05	8.002845E-2	3.276114E-2
1.158e-05	8.002845E-2	3.703418E-2
1.159e-05	8.002845E-2	3.276114E-2
1.16e-05	3.731135E-2	3.276114E-2
1.161e-05	3.731135E-2	3.276114E-2
1.162e-05	3.731135E-2	3.276114E-2
1.163e-05	3.731135E-2	3.276114E-2
1.164e-05	3.731135E-2	3.276114E-2
1.165e-05	8.002845E-2	3.276114E-2
1.166e-05	8.002845E-2	3.276114E-2
1.167e-05	3.731135E-2	3.276114E-2
1.168e-05	3.731135E-2	2.848811E-2
1.169e-05	8.002845E-2	2.848811E-2
1.17e-05	8.002845E-2	2.848811E-2
1.171e-05	8.002845E-2	2.848811E-2
1.172e-05	8.002845E-2	2.848811E-2
1.173e-05	3.731135E-2	3.276114E-2
1.174e-05	8.002845E-2	3.276114E-2
1.175e-05	8.002845E-2	3.276114E-2
1.176e-05	8.002845E-2	3.276114E-2
1.177e-05	8.002845E-2	2.848811E-2
1.178e-05	8.002845E-2	2.848811E-2
1.179e-05	8.002845E-2	2.421508E-2
1.18e-05	3.731135E-2	2.421508E-2
1.181e-05	8.002845E-2	2.421508E-2
1.182e-05	8.002845E-2	1.994204E-2
1.183e-05	8.002845E-2	1.994204E-2
1.184e-05	8.002845E-2	2.421508E-2
1.185e-05	8.002845E-2	1.994204E-2
1.186e-05	8.002845E-2	2.421508E-2
1.187e-05	8.002845E-2	2.421508E-2
1.188e-05	3.731135E-2	2.421508E-2
1.189e-05	8.002845E-2	2.421508E-2
1.19e-05	3.731135E-2	1.994204E-2
1.191e-05	8.002845E-2	1.994204E-2
1.192e-05	8.002845E-2	1.994204E-2
1.193e-05	8.002845E-2	1.994204E-2
1.194e-05	8.002845E-2	1.994204E-2
1.195e-05	8.002845E-2	1.566901E-2
1.196e-05	8.002845E-2	1.566901E-2
1.197e-05	3.731135E-2	1.566901E-2
1.198e-05	3.731135E-2	1.566901E-2
1.199e-05	8.002845E-2	1.139597E-2
1.2e-05	8.002845E-2	1.566901E-2
1.201e-05	8.002845E-2	1.566901E-2
1.202e-05	3.731135E-2	1.994204E-2
1.203e-05	8.002845E-2	1.994204E-2
1.204e-05	3.731135E-2	1.994204E-2
1.205e-05	8.002845E-2	1.994204E-2
1.206e-05	8.002845E-2	1.994204E-2
1.207e-05	8.002845E-2	1.994204E-2
1.208e-05	8.002845E-2	1.566901E-2
1.209e-05	3.731135E-2	1.566901E-2
1.21e-05	8.002845E-2	1.566901E-2
1.211e-05	8.002845E-2	1.566901E-2
1.212e-05	3.731135E-2	1.566901E-2
1.213e-05	8.002845E-2	1.566901E-2
1.214e-05	3.731135E-2	1.566901E-2
1.215e-05	8.002845E-2	1.566901E-2
1.216e-05	8.002845E-2	1.566901E-2
1.217e-05	8.002845E-2	1.566901E-2
1.218e-05	8.002845E-2	1.566901E-2
1.219e-05	8.002845E-2	1.566901E-2
1.22e-05	8.002845E-2	1.566901E-2
1.221e-05	8.002845E-2	1.566901E-2
1.222e-05	8.002845E-2	1.139597E-2
1.223e-05	8.002845E-2	1.566901E-2
1.224e-05	8.002845E-2	1.566901E-2
1.225e-05	8.002845E-2	1.566901E-2
1.226e-05	8.002845E-2	1.139597E-2
1.227e-05	8.002845E-2	1.566901E-2
1.228e-05	8.002845E-2	1.566901E-2
1.229e-05	8.002845E-2	1.566901E-2
1.23e-05	8.002845E-2	1.566901E-2
1.231e-05	8.002845E-2	1.139597E-2
1.232e-05	3.731135E-2	1.139597E-2
1.233e-05	3.731135E-2	1.139597E-2
1.234e-05	8.002845E-2	1.139597E-2
1.235e-05	8.002845E-2	7.122937E-3
1.236e-05	8.002845E-2	1.139597E-2
1.237e-05	8.002845E-2	7.122937E-3
1.238e-05	8.002845E-2	1.139597E-2
1.239e-05	8.002845E-2	1.566901E-2
1.24e-05	8.002845E-2	1.139597E-2
1.241e-05	8.002845E-2	1.566901E-2
1.242e-05	8.002845E-2	1.566901E-2
1.243e-05	8.002845E-2	1.566901E-2
1.244e-05	8.002845E-2	1.139597E-2
1.245e-05	8.002845E-2	1.139597E-2
1.246e-05	8.002845E-2	1.139597E-2
1.247e-05	8.002845E-2	7.122937E-3
1.248e-05	3.731135E-2	7.122937E-3
1.249e-05	8.002845E-2	7.122937E-3
1.25e-05	8.002845E-2	7.122937E-3
1.251e-05	8.002845E-2	7.122937E-3
1.252e-05	8.002845E-2	7.122937E-3
1.253e-05	8.002845E-2	7.122937E-3
1.254e-05	8.002845E-2	7.122937E-3
1.255e-05	8.002845E-2	2.849902E-3
1.256e-05	3.731135E-2	7.122937E-3
1.257e-05	8.002845E-2	7.122937E-3
1.258e-05	8.002845E-2	7.122937E-3
1.259e-05	8.002845E-2	7.122937E-3
1.26e-05	8.002845E-2	7.122937E-3
1.261e-05	8.002845E-2	7.122937E-3
1.262e-05	8.002845E-2	7.122937E-3
1.263e-05	8.002845E-2	2.849902E-3
1.264e-05	8.002845E-2	2.849902E-3
1.265e-05	8.002845E-2	2.849902E-3
1.266e-05	3.731135E-2	2.849902E-3
1.267e-05	8.002845E-2	7.122937E-3
1.268e-05	8.002845E-2	7.122937E-3
1.269e-05	8.002845E-2	7.122937E-3
1.27e-05	8.002845E-2	7.122937E-3
1.271e-05	8.002845E-2	7.122937E-3
1.272e-05	8.002845E-2	7.122937E-3
1.273e-05	3.731135E-2	7.122937E-3
1.274e-05	3.731135E-2	7.122937E-3
1.275e-05	8.002845E-2	2.849902E-3
1.276e-05	8.002845E-2	2.849902E-3
1.277e-05	8.002845E-2	2.849902E-3
1.278e-05	8.002845E-2	7.122937E-3
1.279e-05	8.002845E-2	2.849902E-3
1.28e-05	8.002845E-2	7.122937E-3
1.281e-05	8.002845E-2	2.849902E-3
1.282e-05	3.731135E-2	7.122937E-3
1.283e-05	8.002845E-2	7.122937E-3
1.284e-05	8.002845E-2	7.122937E-3
1.285e-05	8.002845E-2	7.122937E-3
1.286e-05	8.002845E-2	2.849902E-3
1.287e-05	8.002845E-2	7.122937E-3
1.288e-05	8.002845E-2	7.122937E-3
1.289e-05	8.002845E-2	2.849902E-3
1.29e-05	3.731135E-2	7.122937E-3
1.291e-05	8.002845E-2	2.849902E-3
1.292e-05	3.731135E-2	7.122937E-3
1.293e-05	8.002845E-2	7.122937E-3
1.294e-05	8.002845E-2	7.122937E-3
1.295e-05	3.731135E-2	7.122937E-3
1.296e-05	8.002845E-2	7.122937E-3
1.297e-05	8.002845E-2	7.122937E-3
1.298e-05	8.002845E-2	2.849902E-3
1.299e-05	8.002845E-2	2.849902E-3
1.3e-05	8.002845E-2	2.849902E-3
1.301e-05	3.731135E-2	2.849902E-3
1.302e-05	8.002845E-2	2.849902E-3
1.303e-05	8.002845E-2	2.849902E-3
1.304e-05	8.002845E-2	2.849902E-3
1.305e-05	8.002845E-2	2.849902E-3
1.306e-05	8.002845E-2	7.122937E-3
1.307e-05	3.731135E-2	7.122937E-3
1.308e-05	3.731135E-2	7.122937E-3
1.309e-05	8.002845E-2	7.122937E-3
1.31e-05	8.002845E-2	7.122937E-3
1.311e-05	8.002845E-2	1.139597E-2
1.312e-05	8.002845E-2	1.139597E-2
1.313e-05	3.731135E-2	7.122937E-3
1.314e-05	8.002845E-2	7.122937E-3
1.315e-05	8.002845E-2	7.122937E-3
1.316e-05	8.002845E-2	2.849902E-3
1.317e-05	8.002845E-2	2.849902E-3
1.318e-05	8.002845E-2	2.849902E-3
1.319e-05	3.731135E-2	7.122937E-3
1.32e-05	8.002845E-2	2.849902E-3
1.321e-05	8.002845E-2	2.849902E-3
1.322e-05	3.731135E-2	7.122937E-3
1.323e-05	8.002845E-2	2.849902E-3
1.324e-05	8.002845E-2	2.849902E-3
1.325e-05	8.002845E-2	2.849902E-3
1.326e-05	8.002845E-2	2.849902E-3
1.327e-05	8.002845E-2	2.849902E-3
1.328e-05	8.002845E-2	2.849902E-3
1.329e-05	8.002845E-2	2.849902E-3
1.33e-05	8.002845E-2	2.849902E-3
1.331e-05	8.002845E-2	2.849902E-3
1.332e-05	8.002845E-2	7.122937E-3
1.333e-05	8.002845E-2	7.122937E-3
1.334e-05	3.731135E-2	7.122937E-3
1.335e-05	8.002845E-2	7.122937E-3
1.336e-05	8.002845E-2	7.122937E-3
1.337e-05	8.002845E-2	2.849902E-3
1.338e-05	3.731135E-2	2.849902E-3
1.339e-05	8.002845E-2	2.849902E-3
1.34e-05	8.002845E-2	2.849902E-3
1.341e-05	8.002845E-2	-1.423132E-3
1.342e-05	8.002845E-2	-1.423132E-3
1.343e-05	8.002845E-2	-1.423132E-3
1.344e-05	8.002845E-2	-1.423132E-3
1.345e-05	3.731135E-2	2.849902E-3
1.346e-05	3.731135E-2	2.849902E-3
1.347e-05	8.002845E-2	2.849902E-3
1.348e-05	3.731135E-2	7.122937E-3
1.349e-05	3.731135E-2	7.122937E-3
1.35e-05	8.002845E-2	7.122937E-3
1.351e-05	3.731135E-2	7.122937E-3
1.352e-05	8.002845E-2	7.122937E-3
1.353e-05	8.002845E-2	2.849902E-3
1.354e-05	8.002845E-2	-1.423132E-3
1.355e-05	8.002845E-2	2.849902E-3
1.356e-05	8.002845E-2	-1.423132E-3
1.357e-05	8.002845E-2	-1.423132E-3
1.358e-05	8.002845E-2	-1.423132E-3
1.359e-05	8.002845E-2	-1.423132E-3
1.36e-05	8.002845E-2	-1.423132E-3
1.361e-05	3.731135E-2	-1.423132E-3
1.362e-05	8.002845E-2	-1.423132E-3
1.363e-05	8.002845E-2	2.849902E-3
1.364e-05	3.731135E-2	2.849902E-3
1.365e-05	8.002845E-2	2.849902E-3
1.366e-05	3.731135E-2	2.849902E-3
1.367e-05	3.731135E-2	2.849902E-3
1.368e-05	8.002845E-2	2.849902E-3
1.369e-05	8.002845E-2	2.849902E-3
1.37e-05	8.002845E-2	2.849902E-3
1.371e-05	8.002845E-2	2.849902E-3
1.372e-05	8.002845E-2	2.849902E-3
1.373e-05	8.002845E-2	2.849902E-3
1.374e-05	8.002845E-2	2.849902E-3
1.375e-05	3.731135E-2	2.849902E-3
1.376e-05	8.002845E-2	2.849902E-3
1.377e-05	8.002845E-2	2.849902E-3
1.378e-05	8.002845E-2	2.849902E-3
1.379e-05	8.002845E-2	2.849902E-3
1.38e-05	8.002845E-2	-1.423132E-3
1.381e-05	8.002845E-2	2.849902E-3
1.382e-05	8.002845E-2	-1.423132E-3
1.383e-05	8.002845E-2	-1.423132E-3
1.384e-05	8.002845E-2	2.849902E-3
1.385e-05	8.002845E-2	2.849902E-3
1.386e-05	8.002845E-2	2.849902E-3
1.387e-05	8.002845E-2	2.849902E-3
1.388e-05	3.731135E-2	2.849902E-3
1.389e-05	8.002845E-2	2.849902E-3
1.39e-05	3.731135E-2	2.849902E-3
1.391e-05	8.002845E-2	-1.423132E-3
1.392e-05	8.002845E-2	2.849902E-3
1.393e-05	8.002845E-2	-1.423132E-3
1.394e-05	8.002845E-2	2.849902E-3
1.395e-05	8.002845E-2	-1.423132E-3
1.396e-05	3.731135E-2	2.849902E-3
1.397e-05	8.002845E-2	-1.423132E-3
1.398e-05	8.002845E-2	2.849902E-3
1.399e-05	8.002845E-2	-1.423132E-3
1.4e-05	3.731135E-2	2.849902E-3
1.401e-05	3.731135E-2	7.122937E-3
1.402e-05	3.731135E-2	2.849902E-3
1.403e-05	8.002845E-2	2.849902E-3
1.404e-05	8.002845E-2	7.122937E-3
1.405e-05	8.002845E-2	2.849902E-3
1.406e-05	8.002845E-2	2.849902E-3
1.407e-05	8.002845E-2	2.849902E-3
1.408e-05	3.731135E-2	2.849902E-3
1.409e-05	8.002845E-2	2.849902E-3
1.41e-05	8.002845E-2	2.849902E-3
1.411e-05	8.002845E-2	2.849902E-3
1.412e-05	3.731135E-2	2.849902E-3
1.413e-05	3.731135E-2	2.849902E-3
1.414e-05	8.002845E-2	2.849902E-3
1.415e-05	8.002845E-2	2.849902E-3
1.416e-05	3.731135E-2	2.849902E-3
1.417e-05	8.002845E-2	7.122937E-3
1.418e-05	3.731135E-2	2.849902E-3
1.419e-05	8.002845E-2	2.849902E-3
1.42e-05	8.002845E-2	-1.423132E-3
1.421e-05	8.002845E-2	2.849902E-3
1.422e-05	8.002845E-2	2.849902E-3
1.423e-05	8.002845E-2	-1.423132E-3
1.424e-05	8.002845E-2	-1.423132E-3
1.425e-05	8.002845E-2	2.849902E-3
1.426e-05	8.002845E-2	2.849902E-3
1.427e-05	8.002845E-2	2.849902E-3
1.428e-05	8.002845E-2	2.849902E-3
1.429e-05	8.002845E-2	2.849902E-3
1.43e-05	8.002845E-2	7.122937E-3
1.431e-05	8.002845E-2	2.849902E-3
1.432e-05	8.002845E-2	2.849902E-3
1.433e-05	3.731135E-2	2.849902E-3
1.434e-05	8.002845E-2	-1.423132E-3
1.435e-05	3.731135E-2	-1.423132E-3
1.436e-05	8.002845E-2	-1.423132E-3
1.437e-05	3.731135E-2	2.849902E-3
1.438e-05	3.731135E-2	2.849902E-3
1.439e-05	8.002845E-2	2.849902E-3
1.44e-05	8.002845E-2	2.849902E-3
1.441e-05	3.731135E-2	2.849902E-3
1.442e-05	8.002845E-2	2.849902E-3
1.443e-05	8.002845E-2	2.849902E-3
1.444e-05	8.002845E-2	2.849902E-3
1.445e-05	8.002845E-2	2.849902E-3
1.446e-05	8.002845E-2	2.849902E-3
1.447e-05	8.002845E-2	-1.423132E-3
1.448e-05	3.731135E-2	-1.423132E-3
1.449e-05	8.002845E-2	-1.423132E-3
1.45e-05	3.731135E-2	-1.423132E-3
1.451e-05	8.002845E-2	-1.423132E-3
1.452e-05	3.731135E-2	-1.423132E-3
1.453e-05	8.002845E-2	2.849902E-3
1.454e-05	8.002845E-2	2.849902E-3
1.455e-05	8.002845E-2	2.849902E-3
1.456e-05	8.002845E-2	2.849902E-3
1.457e-05	3.731135E-2	2.849902E-3
1.458e-05	8.002845E-2	2.849902E-3
1.459e-05	8.002845E-2	-1.423132E-3
1.46e-05	3.731135E-2	-1.423132E-3
1.461e-05	3.731135E-2	-5.696167E-3
1.462e-05	8.002845E-2	-5.696167E-3
1.463e-05	8.002845E-2	-5.696167E-3
1.464e-05	8.002845E-2	-1.423132E-3
1.465e-05	8.002845E-2	-1.423132E-3
1.466e-05	8.002845E-2	-1.423132E-3
1.467e-05	8.002845E-2	-1.423132E-3
1.468e-05	3.731135E-2	-1.423132E-3
1.469e-05	8.002845E-2	2.849902E-3
1.47e-05	3.731135E-2	2.849902E-3
1.471e-05	3.731135E-2	2.849902E-3
1.472e-05	8.002845E-2	-1.423132E-3
1.473e-05	3.731135E-2	2.849902E-3
1.474e-05	8.002845E-2	2.849902E-3
1.475e-05	8.002845E-2	2.849902E-3
1.476e-05	8.002845E-2	-1.423132E-3
1.477e-05	8.002845E-2	2.849902E-3
1.478e-05	3.731135E-2	2.849902E-3
1.479e-05	3.731135E-2	2.849902E-3
1.48e-05	8.002845E-2	2.849902E-3
1.481e-05	3.731135E-2	2.849902E-3
1.482e-05	8.002845E-2	2.849902E-3
1.483e-05	8.002845E-2	2.849902E-3
1.484e-05	8.002845E-2	2.849902E-3
1.485e-05	3.731135E-2	2.849902E-3
1.486e-05	8.002845E-2	-1.423132E-3
1.487e-05	8.002845E-2	-1.423132E-3
1.488e-05	3.731135E-2	-1.423132E-3
1.489e-05	8.002845E-2	-1.423132E-3
1.49e-05	8.002845E-2	-1.423132E-3
1.491e-05	3.731135E-2	-1.423132E-3
1.492e-05	8.002845E-2	2.849902E-3
1.493e-05	3.731135E-2	2.849902E-3
1.494e-05	3.731135E-2	7.122937E-3
1.495e-05	3.731135E-2	7.122937E-3
1.496e-05	8.002845E-2	7.122937E-3
1.497e-05	8.002845E-2	7.122937E-3
1.498e-05	3.731135E-2	2.849902E-3
1.499e-05	8.002845E-2	2.849902E-3
1.5e-05	8.002845E-2	2.849902E-3
1.501e-05	8.002845E-2	-1.423132E-3
1.502e-05	8.002845E-2	-1.423132E-3
1.503e-05	8.002845E-2	-1.423132E-3
1.504e-05	8.002845E-2	-1.423132E-3
1.505e-05	8.002845E-2	-1.423132E-3
1.506e-05	3.731135E-2	-1.423132E-3
1.507e-05	3.731135E-2	-1.423132E-3
1.508e-05	3.731135E-2	2.849902E-3
1.509e-05	3.731135E-2	2.849902E-3
1.51e-05	3.731135E-2	7.122937E-3
1.511e-05	8.002845E-2	7.122937E-3
1.512e-05	8.002845E-2	7.122937E-3
1.513e-05	3.731135E-2	7.122937E-3
1.514e-05	3.731135E-2	2.849902E-3
1.515e-05	3.731135E-2	2.849902E-3
1.516e-05	3.731135E-2	2.849902E-3
1.517e-05	3.731135E-2	-1.423132E-3
1.518e-05	3.731135E-2	2.849902E-3
1.519e-05	3.731135E-2	2.849902E-3
1.52e-05	3.731135E-2	-1.423132E-3
1.521e-05	3.731135E-2	-1.423132E-3
1.522e-05	8.002845E-2	2.849902E-3
1.523e-05	3.731135E-2	2.849902E-3
1.524e-05	8.002845E-2	-1.423132E-3
1.525e-05	3.731135E-2	-1.423132E-3
1.526e-05	3.731135E-2	-1.423132E-3
1.527e-05	8.002845E-2	-1.423132E-3
1.528e-05	3.731135E-2	-1.423132E-3
1.529e-05	8.002845E-2	2.849902E-3
1.53e-05	8.002845E-2	2.849902E-3
1.531e-05	3.731135E-2	2.849902E-3
1.532e-05	8.002845E-2	2.849902E-3
1.533e-05	3.731135E-2	2.849902E-3
1.534e-05	8.002845E-2	2.849902E-3
1.535e-05	3.731135E-2	2.849902E-3
1.536e-05	3.731135E-2	2.849902E-3
1.537e-05	3.731135E-2	2.849902E-3
1.538e-05	8.002845E-2	-1.423132E-3
1.539e-05	3.731135E-2	-1.423132E-3
1.54e-05	8.002845E-2	-1.423132E-3
1.541e-05	8.002845E-2	-1.423132E-3
1.542e-05	8.002845E-2	-1.423132E-3
1.543e-05	8.002845E-2	-1.423132E-3
1.544e-05	3.731135E-2	2.849902E-3
1.545e-05	3.731135E-2	-1.423132E-3
1.546e-05	3.731135E-2	2.849902E-3
1.547e-05	3.731135E-2	2.849902E-3
1.548e-05	3.731135E-2	2.849902E-3
1.549e-05	3.731135E-2	2.849902E-3
1.55e-05	3.731135E-2	2.849902E-3
1.551e-05	8.002845E-2	-1.423132E-3
1.552e-05	8.002845E-2	-1.423132E-3
1.553e-05	3.731135E-2	-1.423132E-3
1.554e-05	8.002845E-2	-1.423132E-3
1.555e-05	8.002845E-2	-1.423132E-3
1.556e-05	3.731135E-2	-1.423132E-3
1.557e-05	3.731135E-2	-1.423132E-3
1.558e-05	8.002845E-2	-1.423132E-3
1.559e-05	3.731135E-2	-1.423132E-3
1.56e-05	3.731135E-2	2.849902E-3
1.561e-05	3.731135E-2	2.849902E-3
1.562e-05	8.002845E-2	2.849902E-3
1.563e-05	3.731135E-2	2.849902E-3
1.564e-05	3.731135E-2	2.849902E-3
1.565e-05	8.002845E-2	-1.423132E-3
1.566e-05	3.731135E-2	-1.423132E-3
1.567e-05	8.002845E-2	-1.423132E-3
1.568e-05	8.002845E-2	-1.423132E-3
1.569e-05	3.731135E-2	-1.423132E-3
1.57e-05	8.002845E-2	-1.423132E-3
1.571e-05	3.731135E-2	-1.423132E-3
1.572e-05	3.731135E-2	-1.423132E-3
1.573e-05	8.002845E-2	2.849902E-3
1.574e-05	3.731135E-2	2.849902E-3
1.575e-05	3.731135E-2	2.849902E-3
1.576e-05	3.731135E-2	2.849902E-3
1.577e-05	3.731135E-2	2.849902E-3
1.578e-05	8.002845E-2	2.849902E-3
1.579e-05	8.002845E-2	2.849902E-3
1.58e-05	8.002845E-2	-1.423132E-3
1.581e-05	8.002845E-2	-1.423132E-3
1.582e-05	8.002845E-2	-1.423132E-3
1.583e-05	3.731135E-2	-1.423132E-3
1.584e-05	3.731135E-2	2.849902E-3
1.585e-05	3.731135E-2	2.849902E-3
1.586e-05	3.731135E-2	-1.423132E-3
1.587e-05	3.731135E-2	2.849902E-3
1.588e-05	8.002845E-2	-1.423132E-3
1.589e-05	3.731135E-2	2.849902E-3
1.59e-05	3.731135E-2	2.849902E-3
1.591e-05	3.731135E-2	2.849902E-3
1.592e-05	3.731135E-2	-1.423132E-3
1.593e-05	3.731135E-2	-1.423132E-3
1.594e-05	3.731135E-2	-1.423132E-3
1.595e-05	8.002845E-2	-1.423132E-3
1.596e-05	3.731135E-2	-1.423132E-3
1.597e-05	3.731135E-2	-1.423132E-3
1.598e-05	3.731135E-2	-1.423132E-3
1.599e-05	3.731135E-2	2.849902E-3
1.6e-05	3.731135E-2	2.849902E-3
1.601e-05	3.731135E-2	2.849902E-3
1.602e-05	3.731135E-2	2.849902E-3
1.603e-05	3.731135E-2	2.849902E-3
1.604e-05	3.731135E-2	2.849902E-3
1.605e-05	3.731135E-2	-1.423132E-3
1.606e-05	8.002845E-2	2.849902E-3
1.607e-05	8.002845E-2	-1.423132E-3
1.608e-05	8.002845E-2	2.849902E-3
1.609e-05	3.731135E-2	-1.423132E-3
1.61e-05	8.002845E-2	-1.423132E-3
1.611e-05	3.731135E-2	-1.423132E-3
1.612e-05	3.731135E-2	2.849902E-3
1.613e-05	3.731135E-2	2.849902E-3
1.614e-05	3.731135E-2	7.122937E-3
1.615e-05	3.731135E-2	2.849902E-3
1.616e-05	3.731135E-2	2.849902E-3
1.617e-05	3.731135E-2	7.122937E-3
1.618e-05	3.731135E-2	2.849902E-3
1.619e-05	3.731135E-2	2.849902E-3
1.62e-05	8.002845E-2	-1.423132E-3
1.621e-05	8.002845E-2	-1.423132E-3
1.622e-05	3.731135E-2	-1.423132E-3
1.623e-05	8.002845E-2	-1.423132E-3
1.624e-05	3.731135E-2	-1.423132E-3
1.625e-05	3.731135E-2	-1.423132E-3
1.626e-05	8.002845E-2	2.849902E-3
1.627e-05	3.731135E-2	2.849902E-3
1.628e-05	3.731135E-2	-1.423132E-3
1.629e-05	3.731135E-2	2.849902E-3
1.63e-05	3.731135E-2	2.849902E-3
1.631e-05	3.731135E-2	2.849902E-3
1.632e-05	3.731135E-2	-1.423132E-3
1.633e-05	3.731135E-2	-1.423132E-3
1.634e-05	8.002845E-2	-1.423132E-3
1.635e-05	3.731135E-2	2.849902E-3
1.636e-05	3.731135E-2	-1.423132E-3
1.637e-05	3.731135E-2	2.849902E-3
1.638e-05	3.731135E-2	2.849902E-3
1.639e-05	8.002845E-2	2.849902E-3
1.64e-05	8.002845E-2	2.849902E-3
1.641e-05	3.731135E-2	2.849902E-3
1.642e-05	3.731135E-2	2.849902E-3
1.643e-05	3.731135E-2	2.849902E-3
1.644e-05	3.731135E-2	2.849902E-3
1.645e-05	3.731135E-2	-1.423132E-3
1.646e-05	3.731135E-2	-1.423132E-3
1.647e-05	3.731135E-2	-1.423132E-3
1.648e-05	3.731135E-2	-1.423132E-3
1.649e-05	3.731135E-2	-1.423132E-3
1.65e-05	3.731135E-2	-1.423132E-3
1.651e-05	8.002845E-2	-1.423132E-3
1.652e-05	3.731135E-2	-1.423132E-3
1.653e-05	3.731135E-2	2.849902E-3
1.654e-05	8.002845E-2	2.849902E-3
1.655e-05	8.002845E-2	2.849902E-3
1.656e-05	3.731135E-2	2.849902E-3
1.657e-05	3.731135E-2	2.849902E-3
1.658e-05	8.002845E-2	2.849902E-3
1.659e-05	3.731135E-2	2.849902E-3
1.66e-05	3.731135E-2	-1.423132E-3
1.661e-05	3.731135E-2	-1.423132E-3
1.662e-05	8.002845E-2	-1.423132E-3
1.663e-05	8.002845E-2	-1.423132E-3
1.664e-05	8.002845E-2	-1.423132E-3
1.665e-05	3.731135E-2	-1.423132E-3
1.666e-05	8.002845E-2	-1.423132E-3
1.667e-05	3.731135E-2	-1.423132E-3
1.668e-05	3.731135E-2	-1.423132E-3
1.669e-05	8.002845E-2	2.849902E-3
1.67e-05	3.731135E-2	2.849902E-3
1.671e-05	3.731135E-2	2.849902E-3
1.672e-05	3.731135E-2	2.849902E-3
1.673e-05	8.002845E-2	2.849902E-3
1.674e-05	3.731135E-2	2.849902E-3
1.675e-05	3.731135E-2	2.849902E-3
1.676e-05	8.002845E-2	-1.423132E-3
1.677e-05	3.731135E-2	2.849902E-3
1.678e-05	3.731135E-2	2.849902E-3
1.679e-05	3.731135E-2	2.849902E-3
1.68e-05	3.731135E-2	-1.423132E-3
1.681e-05	3.731135E-2	-1.423132E-3
1.682e-05	3.731135E-2	2.849902E-3
1.683e-05	3.731135E-2	-1.423132E-3
1.684e-05	3.731135E-2	-1.423132E-3
1.685e-05	8.002845E-2	-1.423132E-3
1.686e-05	8.002845E-2	-1.423132E-3
1.687e-05	3.731135E-2	-1.423132E-3
1.688e-05	3.731135E-2	-1.423132E-3
1.689e-05	3.731135E-2	-1.423132E-3
1.69e-05	3.731135E-2	-1.423132E-3
1.691e-05	3.731135E-2	-1.423132E-3
1.692e-05	3.731135E-2	2.849902E-3
1.693e-05	3.731135E-2	7.122937E-3
1.694e-05	3.731135E-2	7.122937E-3
1.695e-05	3.731135E-2	7.122937E-3
1.696e-05	3.731135E-2	7.122937E-3
1.697e-05	3.731135E-2	2.849902E-3
1.698e-05	3.731135E-2	2.849902E-3
1.699e-05	3.731135E-2	2.849902E-3
1.7e-05	3.731135E-2	-1.423132E-3
1.701e-05	3.731135E-2	-1.423132E-3
1.702e-05	3.731135E-2	-1.423132E-3
1.703e-05	3.731135E-2	-1.423132E-3
1.704e-05	3.731135E-2	2.849902E-3
1.705e-05	3.731135E-2	2.849902E-3
1.706e-05	3.731135E-2	2.849902E-3
1.707e-05	3.731135E-2	2.849902E-3
1.708e-05	3.731135E-2	2.849902E-3
1.709e-05	3.731135E-2	2.849902E-3
1.71e-05	3.731135E-2	2.849902E-3
1.711e-05	3.731135E-2	2.849902E-3
1.712e-05	3.731135E-2	2.849902E-3
1.713e-05	3.731135E-2	-1.423132E-3
1.714e-05	8.002845E-2	-1.423132E-3
1.715e-05	3.731135E-2	-1.423132E-3
1.716e-05	3.731135E-2	-1.423132E-3
1.717e-05	3.731135E-2	-1.423132E-3
1.718e-05	3.731135E-2	2.849902E-3
1.719e-05	3.731135E-2	2.849902E-3
1.72e-05	3.731135E-2	2.849902E-3
1.721e-05	3.731135E-2	2.849902E-3
1.722e-05	3.731135E-2	2.849902E-3
1.723e-05	3.731135E-2	2.849902E-3
1.724e-05	3.731135E-2	2.849902E-3
1.725e-05	3.731135E-2	2.849902E-3
1.726e-05	3.731135E-2	-1.423132E-3
1.727e-05	3.731135E-2	-1.423132E-3
1.728e-05	3.731135E-2	-1.423132E-3
1.729e-05	8.002845E-2	-1.423132E-3
1.73e-05	3.731135E-2	-1.423132E-3
1.731e-05	3.731135E-2	-1.423132E-3
1.732e-05	3.731135E-2	-1.423132E-3
1.733e-05	3.731135E-2	2.849902E-3
1.734e-05	3.731135E-2	2.849902E-3
1.735e-05	3.731135E-2	2.849902E-3
1.736e-05	3.731135E-2	2.849902E-3
1.737e-05	3.731135E-2	2.849902E-3
1.738e-05	3.731135E-2	2.849902E-3
1.739e-05	3.731135E-2	2.849902E-3
1.74e-05	3.731135E-2	-1.423132E-3
1.741e-05	3.731135E-2	2.849902E-3
1.742e-05	3.731135E-2	2.849902E-3
1.743e-05	3.731135E-2	-1.423132E-3
1.744e-05	3.731135E-2	-1.423132E-3
1.745e-05	3.731135E-2	2.849902E-3
1.746e-05	3.731135E-2	2.849902E-3
1.747e-05	3.731135E-2	2.849902E-3
1.748e-05	3.731135E-2	2.849902E-3
1.749e-05	3.731135E-2	-1.423132E-3
1.75e-05	3.731135E-2	2.849902E-3
1.751e-05	3.731135E-2	-1.423132E-3
1.752e-05	3.731135E-2	-1.423132E-3
1.753e-05	3.731135E-2	-1.423132E-3
1.754e-05	3.731135E-2	-1.423132E-3
1.755e-05	3.731135E-2	-1.423132E-3
1.756e-05	3.731135E-2	-1.423132E-3
1.757e-05	3.731135E-2	-1.423132E-3
1.758e-05	3.731135E-2	-1.423132E-3
1.759e-05	3.731135E-2	-1.423132E-3
1.76e-05	3.731135E-2	2.849902E-3
1.761e-05	3.731135E-2	-1.423132E-3
1.762e-05	3.731135E-2	2.849902E-3
1.763e-05	3.731135E-2	2.849902E-3
1.764e-05	3.731135E-2	-1.423132E-3
1.765e-05	3.731135E-2	-1.423132E-3
1.766e-05	3.731135E-2	-1.423132E-3
1.767e-05	3.731135E-2	-1.423132E-3
1.768e-05	8.002845E-2	-1.423132E-3
1.769e-05	3.731135E-2	-1.423132E-3
1.77e-05	3.731135E-2	-1.423132E-3
1.771e-05	3.731135E-2	-1.423132E-3
1.772e-05	8.002845E-2	-1.423132E-3
1.773e-05	3.731135E-2	2.849902E-3
1.774e-05	3.731135E-2	2.849902E-3
1.775e-05	3.731135E-2	2.849902E-3
1.776e-05	3.731135E-2	2.849902E-3
1.777e-05	3.731135E-2	7.122937E-3
1.778e-05	8.002845E-2	2.849902E-3
1.779e-05	3.731135E-2	2.849902E-3
1.78e-05	3.731135E-2	2.849902E-3
1.781e-05	3.731135E-2	2.849902E-3
1.782e-05	3.731135E-2	2.849902E-3
1.783e-05	3.731135E-2	2.849902E-3
1.784e-05	3.731135E-2	2.849902E-3
1.785e-05	3.731135E-2	2.849902E-3
1.786e-05	3.731135E-2	2.849902E-3
1.787e-05	3.731135E-2	2.849902E-3
1.788e-05	3.731135E-2	-1.423132E-3
1.789e-05	3.731135E-2	-1.423132E-3
1.79e-05	3.731135E-2	-1.423132E-3
1.791e-05	3.731135E-2	-1.423132E-3
1.792e-05	8.002845E-2	-1.423132E-3
1.793e-05	3.731135E-2	-1.423132E-3
1.794e-05	3.731135E-2	-1.423132E-3
1.795e-05	3.731135E-2	-1.423132E-3
1.796e-05	3.731135E-2	-1.423132E-3
1.797e-05	3.731135E-2	2.849902E-3
1.798e-05	8.002845E-2	2.849902E-3
1.799e-05	3.731135E-2	7.122937E-3
1.8e-05	3.731135E-2	2.849902E-3
1.801e-05	3.731135E-2	7.122937E-3
1.802e-05	3.731135E-2	2.849902E-3
1.803e-05	3.731135E-2	2.849902E-3
1.804e-05	3.731135E-2	2.849902E-3
1.805e-05	3.731135E-2	2.849902E-3
1.806e-05	3.731135E-2	2.849902E-3
1.807e-05	3.731135E-2	-1.423132E-3
1.808e-05	3.731135E-2	-1.423132E-3
1.809e-05	8.002845E-2	-1.423132E-3
1.81e-05	3.731135E-2	-1.423132E-3
1.811e-05	3.731135E-2	-1.423132E-3
1.812e-05	3.731135E-2	-1.423132E-3
1.813e-05	3.731135E-2	2.849902E-3
1.814e-05	3.731135E-2	2.849902E-3
1.815e-05	3.731135E-2	7.122937E-3
1.816e-05	3.731135E-2	2.849902E-3
1.817e-05	3.731135E-2	2.849902E-3
1.818e-05	3.731135E-2	2.849902E-3
1.819e-05	3.731135E-2	2.849902E-3
1.82e-05	8.002845E-2	-1.423132E-3
1.821e-05	3.731135E-2	2.849902E-3
1.822e-05	3.731135E-2	-1.423132E-3
1.823e-05	3.731135E-2	-1.423132E-3
1.824e-05	3.731135E-2	-1.423132E-3
1.825e-05	3.731135E-2	-1.423132E-3
1.826e-05	3.731135E-2	-1.423132E-3
1.827e-05	8.002845E-2	-1.423132E-3
1.828e-05	3.731135E-2	2.849902E-3
1.829e-05	3.731135E-2	2.849902E-3
1.83e-05	3.731135E-2	2.849902E-3
1.831e-05	8.002845E-2	2.849902E-3
1.832e-05	3.731135E-2	2.849902E-3
1.833e-05	3.731135E-2	2.849902E-3
1.834e-05	3.731135E-2	2.849902E-3
1.835e-05	3.731135E-2	2.849902E-3
1.836e-05	3.731135E-2	-1.423132E-3
1.837e-05	3.731135E-2	2.849902E-3
1.838e-05	3.731135E-2	2.849902E-3
1.839e-05	3.731135E-2	2.849902E-3
1.84e-05	3.731135E-2	2.849902E-3
1.841e-05	3.731135E-2	2.849902E-3
1.842e-05	3.731135E-2	2.849902E-3
1.843e-05	3.731135E-2	-1.423132E-3
1.844e-05	3.731135E-2	2.849902E-3
1.845e-05	3.731135E-2	-1.423132E-3
1.846e-05	8.002845E-2	-1.423132E-3
1.847e-05	3.731135E-2	-1.423132E-3
1.848e-05	3.731135E-2	-5.696167E-3
1.849e-05	8.002845E-2	-1.423132E-3
1.85e-05	3.731135E-2	-1.423132E-3
1.851e-05	3.731135E-2	-1.423132E-3
1.852e-05	3.731135E-2	-1.423132E-3
1.853e-05	3.731135E-2	-1.423132E-3
1.854e-05	3.731135E-2	2.849902E-3
1.855e-05	3.731135E-2	-1.423132E-3
1.856e-05	3.731135E-2	2.849902E-3
1.857e-05	3.731135E-2	-1.423132E-3
1.858e-05	3.731135E-2	-1.423132E-3
1.859e-05	8.002845E-2	-1.423132E-3
1.86e-05	3.731135E-2	-1.423132E-3
1.861e-05	3.731135E-2	-1.423132E-3
1.862e-05	8.002845E-2	-1.423132E-3
1.863e-05	3.731135E-2	-1.423132E-3
1.864e-05	8.002845E-2	-1.423132E-3
1.865e-05	3.731135E-2	-1.423132E-3
1.866e-05	8.002845E-2	-1.423132E-3
1.867e-05	3.731135E-2	2.849902E-3
1.868e-05	8.002845E-2	2.849902E-3
1.869e-05	3.731135E-2	2.849902E-3
1.87e-05	3.731135E-2	2.849902E-3
1.871e-05	3.731135E-2	2.849902E-3
1.872e-05	3.731135E-2	-1.423132E-3
1.873e-05	3.731135E-2	-1.423132E-3
1.874e-05	8.002845E-2	-1.423132E-3
1.875e-05	3.731135E-2	-1.423132E-3
1.876e-05	8.002845E-2	-1.423132E-3
1.877e-05	3.731135E-2	-1.423132E-3
1.878e-05	3.731135E-2	-1.423132E-3
1.879e-05	3.731135E-2	2.849902E-3
1.88e-05	3.731135E-2	2.849902E-3
1.881e-05	3.731135E-2	2.849902E-3
1.882e-05	3.731135E-2	2.849902E-3
1.883e-05	3.731135E-2	2.849902E-3
1.884e-05	3.731135E-2	2.849902E-3
1.885e-05	3.731135E-2	2.849902E-3
1.886e-05	3.731135E-2	-1.423132E-3
1.887e-05	8.002845E-2	-1.423132E-3
1.888e-05	3.731135E-2	-1.423132E-3
1.889e-05	8.002845E-2	2.849902E-3
1.89e-05	3.731135E-2	-1.423132E-3
1.891e-05	3.731135E-2	-1.423132E-3
1.892e-05	8.002845E-2	-1.423132E-3
1.893e-05	3.731135E-2	2.849902E-3
1.894e-05	3.731135E-2	2.849902E-3
1.895e-05	3.731135E-2	2.849902E-3
1.896e-05	3.731135E-2	2.849902E-3
1.897e-05	8.002845E-2	2.849902E-3
1.898e-05	8.002845E-2	2.849902E-3
1.899e-05	3.731135E-2	2.849902E-3
1.9e-05	3.731135E-2	2.849902E-3
1.901e-05	3.731135E-2	2.849902E-3
1.902e-05	3.731135E-2	2.849902E-3
1.903e-05	3.731135E-2	2.849902E-3
1.904e-05	3.731135E-2	2.849902E-3
1.905e-05	8.002845E-2	2.849902E-3
1.906e-05	3.731135E-2	7.122937E-3
1.907e-05	3.731135E-2	7.122937E-3
1.908e-05	3.731135E-2	2.849902E-3
1.909e-05	3.731135E-2	2.849902E-3
1.91e-05	3.731135E-2	2.849902E-3
1.911e-05	8.002845E-2	2.849902E-3
1.912e-05	8.002845E-2	2.849902E-3
1.913e-05	3.731135E-2	-1.423132E-3
1.914e-05	3.731135E-2	-1.423132E-3
1.915e-05	3.731135E-2	-1.423132E-3
1.916e-05	3.731135E-2	-1.423132E-3
1.917e-05	3.731135E-2	-1.423132E-3
1.918e-05	3.731135E-2	2.849902E-3
1.919e-05	3.731135E-2	2.849902E-3
1.92e-05	3.731135E-2	2.849902E-3
1.921e-05	3.731135E-2	2.849902E-3
1.922e-05	3.731135E-2	-1.423132E-3
1.923e-05	3.731135E-2	2.849902E-3
1.924e-05	3.731135E-2	2.849902E-3
1.925e-05	3.731135E-2	-1.423132E-3
1.926e-05	3.731135E-2	-1.423132E-3
1.927e-05	3.731135E-2	-1.423132E-3
1.928e-05	3.731135E-2	-1.423132E-3
1.929e-05	3.731135E-2	-1.423132E-3
1.93e-05	3.731135E-2	-1.423132E-3
1.931e-05	8.002845E-2	-1.423132E-3
1.932e-05	3.731135E-2	-1.423132E-3
1.933e-05	3.731135E-2	2.849902E-3
1.934e-05	3.731135E-2	-1.423132E-3
1.935e-05	3.731135E-2	-1.423132E-3
1.936e-05	3.731135E-2	-1.423132E-3
1.937e-05	3.731135E-2	2.849902E-3
1.938e-05	3.731135E-2	-1.423132E-3
1.939e-05	3.731135E-2	-1.423132E-3
1.94e-05	8.002845E-2	-1.423132E-3
1.941e-05	3.731135E-2	-1.423132E-3
1.942e-05	3.731135E-2	-1.423132E-3
1.943e-05	3.731135E-2	2.849902E-3
1.944e-05	3.731135E-2	2.849902E-3
1.945e-05	3.731135E-2	2.849902E-3
1.946e-05	3.731135E-2	2.849902E-3
1.947e-05	3.731135E-2	2.849902E-3
1.948e-05	3.731135E-2	2.849902E-3
1.949e-05	3.731135E-2	2.849902E-3
1.95e-05	3.731135E-2	-1.423132E-3
1.951e-05	3.731135E-2	-1.423132E-3
1.952e-05	3.731135E-2	-1.423132E-3
1.953e-05	8.002845E-2	-1.423132E-3
1.954e-05	3.731135E-2	-5.696167E-3
1.955e-05	3.731135E-2	-5.696167E-3
1.956e-05	3.731135E-2	-1.423132E-3
1.957e-05	3.731135E-2	-1.423132E-3
1.958e-05	3.731135E-2	-1.423132E-3
1.959e-05	3.731135E-2	-1.423132E-3
1.96e-05	3.731135E-2	2.849902E-3
1.961e-05	3.731135E-2	2.849902E-3
1.962e-05	3.731135E-2	2.849902E-3
1.963e-05	8.002845E-2	-1.423132E-3
1.964e-05	3.731135E-2	2.849902E-3
1.965e-05	3.731135E-2	2.849902E-3
1.966e-05	3.731135E-2	-1.423132E-3
1.967e-05	3.731135E-2	-1.423132E-3
1.968e-05	8.002845E-2	-1.423132E-3
1.969e-05	3.731135E-2	-1.423132E-3
1.97e-05	3.731135E-2	-1.423132E-3
1.971e-05	3.731135E-2	-1.423132E-3
1.972e-05	3.731135E-2	-1.423132E-3
1.973e-05	3.731135E-2	-1.423132E-3
1.974e-05	3.731135E-2	-1.423132E-3
1.975e-05	3.731135E-2	-1.423132E-3
1.976e-05	3.731135E-2	2.849902E-3
1.977e-05	3.731135E-2	2.849902E-3
1.978e-05	3.731135E-2	2.849902E-3
1.979e-05	3.731135E-2	2.849902E-3
1.98e-05	3.731135E-2	-1.423132E-3
1.981e-05	3.731135E-2	-1.423132E-3
1.982e-05	3.731135E-2	-1.423132E-3
1.983e-05	3.731135E-2	2.849902E-3
1.984e-05	3.731135E-2	2.849902E-3
1.985e-05	3.731135E-2	2.849902E-3
1.986e-05	3.731135E-2	-1.423132E-3
1.987e-05	3.731135E-2	2.849902E-3
1.988e-05	3.731135E-2	-1.423132E-3
1.989e-05	3.731135E-2	-1.423132E-3
1.99e-05	3.731135E-2	-1.423132E-3
1.991e-05	3.731135E-2	-1.423132E-3
1.992e-05	3.731135E-2	-1.423132E-3
1.993e-05	3.731135E-2	-1.423132E-3
1.994e-05	8.002845E-2	-1.423132E-3
1.995e-05	3.731135E-2	2.849902E-3
1.996e-05	3.731135E-2	2.849902E-3
1.997e-05	3.731135E-2	2.849902E-3
1.998e-05	3.731135E-2	2.849902E-3
1.999e-05	3.731135E-2	2.849902E-3
2e-05	8.002845E-2	2.849902E-3